 Yearly Averaged Recharge Values from SWAT
 
 year:        2001
  0.0000000E+00
  0.0000000E+00
  1.4720667E-02
  0.0000000E+00
  0.0000000E+00
  7.8828514E-02
  0.0000000E+00
  0.0000000E+00
  2.2997271E-02
  0.1080118    
  7.0946857E-02
  0.1752655    
  0.3318072    
  0.1188587    
  0.0000000E+00
  1.2133435E-02
  0.1580942    
  0.0000000E+00
  0.0000000E+00
  0.0000000E+00
  0.1067055    
  0.0000000E+00
  1.4027575E-02
  0.0000000E+00
  0.0000000E+00
  0.0000000E+00
  7.0190884E-02
  0.0000000E+00
  0.0000000E+00
  2.8956121E-02
  0.0000000E+00
  0.0000000E+00
  0.0000000E+00
  9.5202420E-03
  0.0000000E+00
  0.0000000E+00
  0.0000000E+00
  0.0000000E+00
  0.0000000E+00
  0.0000000E+00
  0.0000000E+00
  0.0000000E+00
  0.0000000E+00
  0.0000000E+00
  0.0000000E+00
  2.9050611E-02
  0.0000000E+00
  0.0000000E+00
  0.0000000E+00
  0.0000000E+00
  0.1104772    
  0.0000000E+00
  1.0213531E-03
  0.0000000E+00
  0.0000000E+00
  0.0000000E+00
  1.4612777E-02
  0.0000000E+00
  0.0000000E+00
  0.0000000E+00
  0.0000000E+00
  0.0000000E+00
  1.7588807E-02
  0.0000000E+00
  9.7021116E-03
  1.2074340E-02
  0.0000000E+00
  0.1753686    
  0.0000000E+00
  0.0000000E+00
  8.1036456E-02
  0.1236991    
  0.0000000E+00
  0.0000000E+00
  0.0000000E+00
  0.0000000E+00
  4.4411719E-02
  0.0000000E+00
  8.9822434E-02
  0.0000000E+00
  0.0000000E+00
  0.0000000E+00
  0.0000000E+00
  0.0000000E+00
  0.0000000E+00
  0.0000000E+00
  0.0000000E+00
  0.0000000E+00
  0.0000000E+00
  0.0000000E+00
  0.0000000E+00
  9.4587691E-03
  1.6896545E-03
  2.3582861E-02
  0.0000000E+00
  0.0000000E+00
  0.1203607    
  0.0000000E+00
  7.9327777E-02
  0.1117586    
  4.8107322E-02
  0.0000000E+00
  0.0000000E+00
  0.0000000E+00
  0.0000000E+00
  0.0000000E+00
  0.0000000E+00
  0.0000000E+00
  0.0000000E+00
  4.6661474E-02
  1.0662304E-02
  2.0969503E-02
  1.1626691E-02
  3.3223528E-02
  0.0000000E+00
  0.0000000E+00
  0.0000000E+00
  1.5733983E-02
  0.0000000E+00
  1.7611533E-02
  1.7660839E-02
  5.7112530E-02
  5.3827185E-03
  0.0000000E+00
  2.8565027E-02
  0.0000000E+00
  0.0000000E+00
  0.0000000E+00
  0.0000000E+00
  0.0000000E+00
  5.2553359E-02
  0.0000000E+00
  1.9545799E-02
  1.0273576E-02
  0.0000000E+00
  1.4157524E-02
  0.0000000E+00
  0.0000000E+00
  0.0000000E+00
 
 year:        2002
  0.0000000E+00
  0.0000000E+00
  0.1140807    
  3.4930132E-02
  0.0000000E+00
  0.3159387    
  0.0000000E+00
  0.1233275    
  0.1216615    
  0.2580148    
  0.2122790    
  0.3733047    
  0.6045688    
  0.2848991    
  0.1235459    
  0.2202557    
  0.3484562    
  0.1511125    
  6.5558734E-03
  0.1604765    
  0.2721386    
  5.4806087E-02
  0.2399474    
  0.1500677    
  1.4775833E-02
  2.5717881E-02
  0.1687482    
  0.0000000E+00
  0.1953572    
  0.2099227    
  0.0000000E+00
  0.0000000E+00
  2.3913342E-03
  0.1873103    
  5.8265641E-02
  0.0000000E+00
  1.3710149E-02
  5.1096361E-02
  0.0000000E+00
  7.7746511E-02
  1.0555379E-02
  6.4757019E-02
  0.1302840    
  0.1279094    
  6.8648957E-02
  0.2455951    
  0.1039869    
  6.9773734E-02
  0.1532222    
  0.0000000E+00
  0.2919337    
  6.4874798E-02
  0.2122863    
  5.5661439E-03
  0.1181994    
  6.6929251E-02
  0.1916655    
  4.5924902E-02
  3.0120859E-02
  0.2365916    
  4.1372970E-02
  4.3827277E-02
  0.2075650    
  0.1413827    
  0.2374088    
  0.1835829    
  0.1536538    
  0.3734173    
  5.7182196E-03
  6.8630606E-02
  0.2313259    
  0.2960122    
  4.1318084E-03
  2.8636729E-02
  3.1696858E-03
  1.4737246E-02
  0.2324494    
  8.0053397E-02
  0.2344874    
  0.1223446    
  0.1242392    
  9.3496978E-02
  0.1497995    
  9.8908059E-02
  0.1062528    
  0.1512793    
  0.1515401    
  0.1624530    
  0.1204262    
  4.9796700E-02
  0.1310148    
  0.2139294    
  0.2075652    
  0.2229166    
  0.1211848    
  2.1362720E-02
  0.3254156    
  9.5758758E-02
  0.2733499    
  0.3663547    
  0.2690454    
  9.5818520E-02
  0.0000000E+00
  0.1369095    
  3.3728424E-02
  0.1238918    
  0.1567057    
  4.4365756E-02
  0.0000000E+00
  0.2157060    
  0.2071295    
  0.1945093    
  0.1819586    
  0.2054785    
  0.1636732    
  0.0000000E+00
  7.1357705E-02
  0.1964612    
  6.4644873E-02
  0.1964635    
  0.1892778    
  0.2330066    
  0.2189581    
  0.0000000E+00
  0.1972414    
  3.1741027E-02
  0.1152632    
  0.0000000E+00
  0.0000000E+00
  0.1149529    
  0.2230925    
  1.0213872E-03
  0.2201940    
  0.1912024    
  1.2686896E-02
  0.2164764    
  4.7662109E-02
  0.1483635    
  0.1619825    
 
 year:        2003
  0.0000000E+00
  0.0000000E+00
  0.1341379    
  1.1204580E-02
  0.0000000E+00
  0.3427621    
  0.0000000E+00
  7.1343563E-02
  0.1463489    
  0.2913035    
  0.2574241    
  0.4396544    
  0.6881927    
  0.3537844    
  8.8804737E-02
  0.2230164    
  0.4257778    
  0.1596923    
  0.0000000E+00
  0.1267696    
  0.3374704    
  5.8091022E-02
  0.2616504    
  0.1182745    
  2.6721874E-02
  3.7856065E-02
  0.2860125    
  0.0000000E+00
  0.1656263    
  0.2360264    
  0.0000000E+00
  0.0000000E+00
  0.0000000E+00
  0.1949955    
  6.3544035E-02
  0.0000000E+00
  3.1678565E-02
  7.5581752E-02
  0.0000000E+00
  4.0211763E-02
  2.1239573E-02
  8.4521532E-02
  0.1296505    
  8.6108007E-02
  9.9892482E-02
  0.2332774    
  0.1285990    
  0.1025934    
  0.1498780    
  0.0000000E+00
  0.3595317    
  6.8576775E-02
  0.1414120    
  0.0000000E+00
  0.1608461    
  3.9367612E-02
  0.1588217    
  8.3344750E-02
  5.1930197E-02
  0.2904213    
  2.6819507E-02
  5.3198386E-02
  0.1814217    
  0.1051577    
  0.2896498    
  0.1538471    
  0.1353204    
  0.4397710    
  2.3592770E-02
  8.1765935E-02
  0.2439847    
  0.3217055    
  0.0000000E+00
  3.2269512E-03
  0.0000000E+00
  0.0000000E+00
  0.1744249    
  4.2894367E-02
  0.2615150    
  7.4758455E-02
  7.4496664E-02
  4.2624377E-02
  0.1148203    
  6.0838409E-02
  5.6650206E-02
  0.1146601    
  0.1149312    
  0.1120766    
  0.1032637    
  4.8324585E-02
  0.1473297    
  0.1778683    
  0.1682203    
  0.1848748    
  0.1367735    
  5.0749008E-02
  0.3620600    
  0.1076830    
  0.2825981    
  0.3445258    
  0.3079910    
  0.1077416    
  0.0000000E+00
  8.1407867E-02
  4.6901893E-02
  6.6080458E-02
  0.1872935    
  6.7395188E-02
  0.0000000E+00
  0.2090961    
  0.2445951    
  0.1519608    
  0.1725977    
  0.1868239    
  0.1867011    
  2.2127252E-02
  0.1027568    
  0.1793586    
  8.4160760E-02
  0.1912721    
  0.2141424    
  0.2549167    
  0.2613376    
  0.0000000E+00
  0.2239908    
  4.9463544E-02
  0.1205499    
  4.1382620E-03
  0.0000000E+00
  0.1232306    
  0.2879027    
  2.3913518E-02
  0.2729412    
  0.2322891    
  4.9601182E-02
  0.2696184    
  9.2243351E-02
  0.2002238    
  0.2076996    
 
 year:        2004
  0.0000000E+00
  0.0000000E+00
  9.3297318E-02
  8.8327512E-02
  3.7194759E-02
  0.2671855    
  3.5649501E-02
  0.1593332    
  0.1019559    
  0.2180198    
  0.1695269    
  0.3071758    
  0.5128343    
  0.2323631    
  0.1415740    
  0.1951469    
  0.2973778    
  0.1752061    
  6.4730711E-02
  0.1721957    
  0.2135620    
  0.1132343    
  0.2484034    
  0.1489315    
  8.3077095E-02
  0.1186995    
  0.1644563    
  3.6172215E-02
  0.1697010    
  0.2050728    
  6.7759760E-02
  8.6689163E-03
  4.9943231E-02
  0.1818042    
  0.1133332    
  4.2615123E-02
  0.1101302    
  0.1225730    
  2.3875668E-04
  0.1110864    
  8.1086375E-02
  0.1378393    
  0.1450738    
  0.1372084    
  0.1425508    
  0.2284913    
  0.1661515    
  0.1474678    
  0.1658470    
  1.8102204E-02
  0.2722152    
  0.1169960    
  0.1685562    
  4.9453638E-02
  0.1600715    
  0.1017437    
  0.1701131    
  0.1262122    
  0.1329148    
  0.2480005    
  8.8525206E-02
  0.1026657    
  0.1905945    
  0.1256989    
  0.2443265    
  0.1526929    
  0.1412926    
  0.3072886    
  8.2648501E-02
  7.1479268E-02
  0.1851207    
  0.2329955    
  4.1353635E-02
  9.7203590E-02
  5.6655899E-02
  6.1758049E-02
  0.1897149    
  0.1130611    
  0.2083212    
  0.1315356    
  0.1305729    
  0.1115066    
  0.1582933    
  0.1170281    
  0.1145820    
  0.1431888    
  0.1432519    
  0.1416859    
  0.1455264    
  0.1247638    
  0.1807963    
  0.1717617    
  0.1773497    
  0.1731283    
  0.1745440    
  0.1276380    
  0.2754715    
  0.1526345    
  0.2313164    
  0.2990369    
  0.2403712    
  0.1526466    
  4.8582509E-02
  0.1167281    
  0.1145695    
  0.1220654    
  0.1981823    
  0.1334588    
  5.4320298E-02
  0.1786563    
  0.2279692    
  0.1538621    
  0.1632421    
  0.1663297    
  0.1936321    
  8.6197354E-02
  0.1433333    
  0.1678959    
  0.1208742    
  0.1719663    
  0.2002050    
  0.2056903    
  0.2427839    
  0.0000000E+00
  0.1981775    
  0.1033239    
  0.1270733    
  6.2518544E-02
  0.0000000E+00
  0.1546785    
  0.2119100    
  8.1124395E-02
  0.2445017    
  0.1779222    
  9.2146970E-02
  0.2435465    
  0.1177166    
  0.2009365    
  0.1915572    
 
 year:        2005
  0.0000000E+00
  0.0000000E+00
  0.1197120    
  1.2437687E-02
  0.0000000E+00
  0.2158163    
  0.0000000E+00
  4.8286811E-02
  0.1546459    
  0.2895781    
  0.2472807    
  0.4101003    
  0.6362074    
  0.3377778    
  9.5333405E-02
  0.1788211    
  0.4112447    
  0.1630028    
  2.0697182E-02
  0.1333007    
  0.3201437    
  8.8739194E-02
  0.2296609    
  0.1017271    
  6.6594273E-02
  8.5532092E-02
  0.2959551    
  0.0000000E+00
  0.1425357    
  0.1991230    
  3.7748739E-02
  0.0000000E+00
  0.0000000E+00
  0.1722081    
  9.2621438E-02
  0.0000000E+00
  8.1290156E-02
  0.1076165    
  1.2516875E-02
  2.9048663E-02
  4.9950119E-02
  0.1337646    
  0.1276215    
  5.6663696E-02
  0.1382955    
  0.1915611    
  0.1688857    
  0.1364856    
  0.1331899    
  0.0000000E+00
  0.4013771    
  8.3439551E-02
  0.1412528    
  0.0000000E+00
  0.2050721    
  3.3191688E-02
  0.1551072    
  0.1349916    
  0.1056076    
  0.3236037    
  3.0173741E-02
  9.1071993E-02
  0.1717607    
  0.1123330    
  0.3003816    
  0.1465374    
  0.1373200    
  0.4102040    
  7.6597877E-02
  7.5458154E-02
  0.2163765    
  0.2870200    
  0.0000000E+00
  2.6099978E-03
  0.0000000E+00
  0.0000000E+00
  0.1221170    
  2.6897982E-02
  0.2611912    
  5.1264208E-02
  5.5391125E-02
  3.5181824E-02
  8.4097415E-02
  4.0531632E-02
  4.4452213E-02
  8.8801324E-02
  8.8982739E-02
  7.6034442E-02
  0.1123376    
  7.5913608E-02
  0.1570752    
  0.1285558    
  0.1354890    
  0.1431220    
  0.1495567    
  0.1026451    
  0.2596932    
  0.1219943    
  0.2066517    
  0.2821417    
  0.2313396    
  0.1220320    
  3.4486275E-02
  0.1103764    
  9.3857266E-02
  9.4375268E-02
  0.1836714    
  0.1205858    
  4.3631431E-02
  0.1818553    
  0.2126175    
  0.1558264    
  0.1546184    
  0.1666992    
  0.1747264    
  6.6113353E-02
  0.1583239    
  0.1675323    
  0.1112731    
  0.1772707    
  0.1802053    
  0.2073104    
  0.2341433    
  3.9142095E-03
  0.1883172    
  0.1027882    
  0.1385845    
  6.0384970E-02
  0.0000000E+00
  0.1477602    
  0.2507497    
  8.2231358E-02
  0.2552131    
  0.2247813    
  0.1083574    
  0.2650041    
  0.1434496    
  0.2754854    
  0.2517744    
 
 year:        2006
  0.0000000E+00
  0.0000000E+00
  9.2391446E-02
  0.0000000E+00
  0.0000000E+00
  9.2304423E-02
  0.0000000E+00
  0.0000000E+00
  0.1094336    
  0.2408601    
  0.1995710    
  0.3676130    
  0.6187791    
  0.2896513    
  1.2056918E-02
  0.1034376    
  0.3591890    
  6.0724188E-02
  0.0000000E+00
  3.5199847E-02
  0.2662948    
  0.0000000E+00
  0.1836409    
  2.3388684E-02
  0.0000000E+00
  0.0000000E+00
  0.1789702    
  0.0000000E+00
  5.5618402E-02
  0.1305438    
  0.0000000E+00
  0.0000000E+00
  0.0000000E+00
  8.9371733E-02
  0.0000000E+00
  0.0000000E+00
  0.0000000E+00
  1.8780442E-02
  0.0000000E+00
  0.0000000E+00
  0.0000000E+00
  2.9374009E-02
  3.3915605E-02
  0.0000000E+00
  3.1322040E-02
  0.1443099    
  6.4686917E-02
  3.2029998E-02
  3.8146507E-02
  0.0000000E+00
  0.3167232    
  3.0211685E-04
  6.2062424E-02
  0.0000000E+00
  0.1067257    
  0.0000000E+00
  9.4243884E-02
  2.4947606E-02
  0.0000000E+00
  0.2011012    
  0.0000000E+00
  0.0000000E+00
  9.0358280E-02
  6.2698133E-02
  0.2388842    
  0.1073480    
  5.3109311E-02
  0.3677549    
  0.0000000E+00
  5.4246895E-02
  0.1978550    
  0.2688193    
  0.0000000E+00
  0.0000000E+00
  0.0000000E+00
  0.0000000E+00
  9.6836753E-02
  0.0000000E+00
  0.2217143    
  0.0000000E+00
  0.0000000E+00
  0.0000000E+00
  7.1018692E-03
  0.0000000E+00
  0.0000000E+00
  9.2556542E-03
  9.3947677E-03
  1.4857356E-02
  1.5033903E-02
  0.0000000E+00
  7.2855748E-02
  4.7077514E-02
  6.6163681E-02
  6.6784747E-02
  6.2563956E-02
  0.0000000E+00
  0.2411961    
  8.8760257E-03
  0.1634024    
  0.2864661    
  0.1830596    
  8.9205839E-03
  0.0000000E+00
  4.7946334E-02
  0.0000000E+00
  2.2628568E-02
  0.1002923    
  1.3848707E-03
  0.0000000E+00
  0.1725458    
  0.1499573    
  0.1133058    
  6.2658757E-02
  0.1343655    
  9.5740311E-02
  0.0000000E+00
  4.8696488E-02
  9.6152999E-02
  1.0929849E-02
  9.9766582E-02
  0.1145627    
  0.1932940    
  0.1707594    
  0.0000000E+00
  0.1221685    
  2.2222123E-03
  4.8906133E-02
  0.0000000E+00
  0.0000000E+00
  5.3049982E-02
  0.1677990    
  0.0000000E+00
  0.1950215    
  0.1456378    
  9.9892765E-03
  0.2000253    
  3.8099453E-02
  0.1266601    
  0.1364387    
 
 year:        2007
  0.0000000E+00
  0.0000000E+00
  0.1214975    
  4.6567317E-02
  0.0000000E+00
  0.2455925    
  0.0000000E+00
  0.1172400    
  0.1696219    
  0.3015071    
  0.2708619    
  0.4343747    
  0.6692102    
  0.3519611    
  0.1584881    
  0.2280394    
  0.4382460    
  0.2078850    
  2.5084637E-02
  0.1984984    
  0.3334646    
  0.1164678    
  0.2508732    
  0.1770994    
  7.3751464E-02
  0.1048957    
  0.2864388    
  0.0000000E+00
  0.1912538    
  0.2479231    
  2.4145767E-02
  0.0000000E+00
  0.0000000E+00
  0.2236466    
  0.1216961    
  0.0000000E+00
  9.1758363E-02
  0.1336170    
  0.0000000E+00
  6.8253890E-02
  5.3751271E-02
  0.1524259    
  0.1777598    
  0.1200923    
  0.1729721    
  0.2477808    
  0.1886692    
  0.1740489    
  0.1834965    
  0.0000000E+00
  0.3653668    
  0.1248809    
  0.1956778    
  0.0000000E+00
  0.2120084    
  5.7236612E-02
  0.2199173    
  0.1662880    
  0.1203696    
  0.3078234    
  6.1472714E-02
  0.1169082    
  0.2412698    
  0.1804394    
  0.2898546    
  0.2207860    
  0.1920751    
  0.4344817    
  8.1557624E-02
  7.3559590E-02
  0.2311870    
  0.3155777    
  1.4692945E-03
  2.3758784E-02
  0.0000000E+00
  0.0000000E+00
  0.1974355    
  5.4554556E-02
  0.2870201    
  0.1133790    
  0.1197584    
  8.3620489E-02
  0.1570269    
  9.8588929E-02
  0.1069493    
  0.1684151    
  0.1686051    
  0.1557690    
  0.1755599    
  0.1168690    
  0.1931813    
  0.1800922    
  0.2127492    
  0.2050140    
  0.1872804    
  0.1186807    
  0.3223665    
  0.1661036    
  0.2794123    
  0.3360033    
  0.2714237    
  0.1661348    
  5.3792461E-03
  0.1753102    
  0.1113703    
  0.1503591    
  0.2277807    
  0.1464135    
  2.8904872E-02
  0.2539615    
  0.2558973    
  0.2278467    
  0.2099538    
  0.2429146    
  0.2236331    
  6.2344570E-02
  0.1774396    
  0.2345004    
  0.1483186    
  0.2381841    
  0.2369301    
  0.2898720    
  0.2697135    
  0.0000000E+00
  0.2443670    
  0.1244355    
  0.1726857    
  5.1768348E-02
  0.0000000E+00
  0.1819358    
  0.2791045    
  8.5971132E-02
  0.2772323    
  0.2544422    
  0.1184625    
  0.2687600    
  0.1593644    
  0.2684611    
  0.2660824    
 
 year:        2008
  0.0000000E+00
  0.0000000E+00
  0.1770304    
  9.4129182E-02
  3.5967901E-02
  0.4786962    
  3.2659236E-02
  0.1940433    
  0.1927158    
  0.3331843    
  0.2995286    
  0.4710089    
  0.6665992    
  0.3860073    
  0.1913185    
  0.2418215    
  0.4353164    
  0.1771920    
  7.0760585E-02
  0.2557503    
  0.3604745    
  9.3084596E-02
  0.3614467    
  0.2030354    
  6.5788954E-02
  0.1282691    
  0.2755810    
  3.5302866E-02
  0.1719802    
  0.2313699    
  6.6049203E-02
  1.9649940E-02
  5.1446620E-02
  0.1985133    
  9.0353444E-02
  4.9632244E-02
  9.6515670E-02
  0.1048201    
  3.7788283E-03
  0.1500528    
  4.8240140E-02
  0.1193523    
  0.1457517    
  0.2055217    
  0.1450209    
  0.3419398    
  0.1523023    
  0.1494312    
  0.1885513    
  3.7817314E-02
  0.3863238    
  9.3011960E-02
  0.1753826    
  6.7410484E-02
  0.1734436    
  0.1386246    
  0.1913775    
  0.1150324    
  0.1371073    
  0.3176795    
  9.4239406E-02
  9.3802601E-02
  0.2058181    
  0.1403974    
  0.2866008    
  0.1819197    
  0.1626146    
  0.4710988    
  7.3135272E-02
  0.1212020    
  0.2910170    
  0.3759513    
  4.5589708E-02
  8.8964961E-02
  6.4010918E-02
  8.5243784E-02
  0.2692825    
  0.1617060    
  0.3150268    
  0.1866413    
  0.1784632    
  0.1580433    
  0.2195197    
  0.1705803    
  0.1597062    
  0.1885808    
  0.1886949    
  0.2105090    
  0.2010440    
  0.1441171    
  0.2294925    
  0.2417767    
  0.2670505    
  0.2529447    
  0.2190601    
  0.1385741    
  0.4256406    
  0.1538420    
  0.3464654    
  0.3533910    
  0.3156015    
  0.1538628    
  3.9134789E-02
  0.1355165    
  0.1040955    
  0.1193552    
  0.1995982    
  0.1265181    
  4.4936500E-02
  0.2306900    
  0.2614309    
  0.1945664    
  0.1856524    
  0.2050339    
  0.2138464    
  5.5251148E-02
  0.1479846    
  0.2013002    
  0.1091797    
  0.2098240    
  0.2064022    
  0.2631355    
  0.2571039    
  2.7917479E-03
  0.2277766    
  0.1007430    
  0.1415803    
  4.3955568E-02
  0.0000000E+00
  0.1494113    
  0.2893781    
  6.1481223E-02
  0.2699371    
  0.2333060    
  8.2837269E-02
  0.2580554    
  0.1157437    
  0.2196108    
  0.2466152    
 
 year:        2009
  0.0000000E+00
  0.0000000E+00
  7.7753849E-02
  0.0000000E+00
  0.0000000E+00
  3.9447259E-02
  0.0000000E+00
  0.0000000E+00
  8.5721828E-02
  0.1775320    
  0.1390168    
  0.2476721    
  0.3906921    
  0.1806060    
  0.0000000E+00
  6.8754074E-04
  0.2156883    
  0.0000000E+00
  0.0000000E+00
  0.0000000E+00
  0.1751417    
  0.0000000E+00
  2.0015869E-02
  0.0000000E+00
  0.0000000E+00
  0.0000000E+00
  0.1175120    
  0.0000000E+00
  0.0000000E+00
  2.7899742E-02
  0.0000000E+00
  0.0000000E+00
  0.0000000E+00
  1.2659073E-02
  0.0000000E+00
  0.0000000E+00
  0.0000000E+00
  0.0000000E+00
  0.0000000E+00
  0.0000000E+00
  0.0000000E+00
  0.0000000E+00
  0.0000000E+00
  0.0000000E+00
  0.0000000E+00
  3.4198286E-03
  0.0000000E+00
  0.0000000E+00
  0.0000000E+00
  0.0000000E+00
  0.1786368    
  0.0000000E+00
  4.3151006E-03
  0.0000000E+00
  9.1681061E-03
  0.0000000E+00
  2.4757521E-02
  0.0000000E+00
  0.0000000E+00
  6.9239922E-02
  0.0000000E+00
  0.0000000E+00
  2.6133943E-02
  8.6804498E-03
  6.5233909E-02
  2.9140288E-02
  7.6959291E-03
  0.2477858    
  0.0000000E+00
  5.4355305E-02
  0.1657368    
  0.2092952    
  0.0000000E+00
  0.0000000E+00
  0.0000000E+00
  0.0000000E+00
  1.0713478E-02
  0.0000000E+00
  0.1534460    
  0.0000000E+00
  0.0000000E+00
  0.0000000E+00
  0.0000000E+00
  0.0000000E+00
  0.0000000E+00
  0.0000000E+00
  0.0000000E+00
  0.0000000E+00
  0.0000000E+00
  0.0000000E+00
  0.0000000E+00
  0.0000000E+00
  0.0000000E+00
  9.7098481E-03
  0.0000000E+00
  0.0000000E+00
  5.1364608E-02
  0.0000000E+00
  2.1294028E-02
  8.8011295E-02
  2.5461709E-02
  0.0000000E+00
  0.0000000E+00
  0.0000000E+00
  0.0000000E+00
  0.0000000E+00
  0.0000000E+00
  0.0000000E+00
  0.0000000E+00
  5.2454200E-02
  2.0291639E-02
  2.4646513E-02
  4.7737290E-03
  5.1541395E-02
  2.1346495E-03
  0.0000000E+00
  0.0000000E+00
  4.2431213E-02
  0.0000000E+00
  2.9854268E-02
  2.2842774E-02
  7.8794636E-02
  1.8787628E-02
  0.0000000E+00
  3.3027612E-02
  0.0000000E+00
  0.0000000E+00
  0.0000000E+00
  0.0000000E+00
  0.0000000E+00
  6.3605472E-02
  0.0000000E+00
  4.8981063E-02
  4.5502264E-02
  0.0000000E+00
  5.7758458E-02
  0.0000000E+00
  2.8778573E-02
  4.0931504E-02
 
 year:        2010
  0.0000000E+00
  0.0000000E+00
  6.9691300E-02
  0.0000000E+00
  0.0000000E+00
  0.1630943    
  0.0000000E+00
  0.0000000E+00
  7.4256681E-02
  0.1544230    
  0.1297756    
  0.2320002    
  0.3677216    
  0.1853407    
  0.0000000E+00
  4.3952364E-02
  0.2222221    
  9.8063722E-03
  0.0000000E+00
  0.0000000E+00
  0.1714045    
  0.0000000E+00
  4.8419338E-02
  0.0000000E+00
  0.0000000E+00
  0.0000000E+00
  0.1319370    
  0.0000000E+00
  1.6217735E-02
  3.2854438E-02
  0.0000000E+00
  0.0000000E+00
  0.0000000E+00
  1.4645146E-02
  0.0000000E+00
  0.0000000E+00
  0.0000000E+00
  0.0000000E+00
  0.0000000E+00
  0.0000000E+00
  0.0000000E+00
  0.0000000E+00
  0.0000000E+00
  0.0000000E+00
  0.0000000E+00
  4.1381888E-02
  0.0000000E+00
  0.0000000E+00
  1.8945672E-03
  0.0000000E+00
  0.1863294    
  0.0000000E+00
  2.1631315E-02
  0.0000000E+00
  0.0000000E+00
  0.0000000E+00
  1.4157534E-02
  0.0000000E+00
  0.0000000E+00
  1.9369701E-02
  0.0000000E+00
  0.0000000E+00
  1.9129455E-02
  0.0000000E+00
  2.2651292E-02
  1.6275557E-02
  0.0000000E+00
  0.2320690    
  0.0000000E+00
  4.4988137E-02
  0.1284536    
  0.1693072    
  0.0000000E+00
  0.0000000E+00
  0.0000000E+00
  0.0000000E+00
  0.1129237    
  0.0000000E+00
  0.1377814    
  0.0000000E+00
  0.0000000E+00
  0.0000000E+00
  0.0000000E+00
  0.0000000E+00
  0.0000000E+00
  0.0000000E+00
  0.0000000E+00
  4.9698930E-03
  0.0000000E+00
  0.0000000E+00
  0.0000000E+00
  2.5442887E-02
  0.0000000E+00
  3.4034647E-02
  0.0000000E+00
  0.0000000E+00
  9.7961284E-02
  0.0000000E+00
  5.8760598E-02
  0.1426650    
  8.4306195E-02
  0.0000000E+00
  0.0000000E+00
  3.5665268E-03
  0.0000000E+00
  0.0000000E+00
  2.5968438E-02
  0.0000000E+00
  0.0000000E+00
  5.9964132E-02
  4.8847802E-02
  3.7035424E-02
  9.2803864E-03
  2.8934686E-02
  2.1812612E-02
  0.0000000E+00
  0.0000000E+00
  1.1801726E-02
  0.0000000E+00
  1.1502821E-02
  1.3768052E-02
  4.3334324E-02
  6.3609533E-02
  0.0000000E+00
  2.5012605E-02
  0.0000000E+00
  0.0000000E+00
  0.0000000E+00
  0.0000000E+00
  0.0000000E+00
  5.0078772E-02
  0.0000000E+00
  4.0495347E-02
  2.0930154E-02
  0.0000000E+00
  2.4943868E-02
  0.0000000E+00
  0.0000000E+00
  0.0000000E+00
 
 year:        2011
  0.0000000E+00
  0.0000000E+00
  0.2214604    
  5.6883499E-02
  1.0875134E-02
  0.4883145    
  0.0000000E+00
  0.1497732    
  0.2510239    
  0.4727807    
  0.3952717    
  0.6548088    
   1.006921    
  0.5295179    
  0.1513617    
  0.2641352    
  0.6332995    
  0.2016965    
  2.3132531E-02
  0.2239137    
  0.4960747    
  8.5359201E-02
  0.3839099    
  0.1595040    
  4.5021210E-02
  6.7324869E-02
  0.3919894    
  0.0000000E+00
  0.1866171    
  0.2950929    
  1.1188305E-02
  0.0000000E+00
  2.0783193E-02
  0.2446451    
  7.8667998E-02
  6.7948103E-03
  6.3969024E-02
  7.8245774E-02
  0.0000000E+00
  0.1010240    
  3.3528388E-02
  7.5855553E-02
  0.1584446    
  0.1478331    
  0.1206095    
  0.3599072    
  0.1043258    
  0.1193540    
  0.1712620    
  0.0000000E+00
  0.5469999    
  8.0713466E-02
  0.1719006    
  1.8521413E-02
  0.1359372    
  7.6204486E-02
  0.1732884    
  9.2322521E-02
  7.7616155E-02
  0.3121383    
  3.5346862E-02
  7.4803554E-02
  0.2151185    
  0.1062736    
  0.2809050    
  0.1562679    
  0.1341097    
  0.6549460    
  3.4585726E-02
  0.1389390    
  0.4163074    
  0.5279208    
  1.4163786E-02
  4.3788325E-02
  2.1408146E-02
  3.1074191E-02
  0.2440428    
  0.1020435    
  0.4316189    
  0.1349660    
  0.1315089    
  0.1070148    
  0.1881898    
  0.1148169    
  9.4588183E-02
  0.1647990    
  0.1649600    
  0.1382849    
  0.1697736    
  8.0688052E-02
  0.2248117    
  0.2121960    
  0.2558730    
  0.2272782    
  0.2086627    
  6.9412000E-02
  0.4877536    
  0.1383297    
  0.3790502    
  0.4283828    
  0.3478954    
  0.1383674    
  9.5291222E-03
  0.1101506    
  8.3351284E-02
  9.6805170E-02
  0.2308971    
  9.4926096E-02
  1.5055112E-02
  0.2236705    
  0.2932868    
  0.1842321    
  0.2174041    
  0.1844299    
  0.2260952    
  3.1173080E-02
  0.1172068    
  0.1813115    
  9.8477878E-02
  0.1988977    
  0.2394937    
  0.2524211    
  0.3105231    
  0.0000000E+00
  0.2465344    
  6.0159493E-02
  0.1247238    
  1.0134019E-02
  0.0000000E+00
  0.1380229    
  0.3113397    
  2.8880347E-02
  0.2986300    
  0.2516336    
  3.6858987E-02
  0.2931812    
  6.6686124E-02
  0.2267114    
  0.2212775    
 
 year:        2012
  0.0000000E+00
  0.0000000E+00
  6.8249166E-02
  6.0703266E-02
  7.1911034E-03
  0.2161399    
  1.7246715E-03
  0.1109090    
  4.4515979E-02
  8.3568692E-02
  6.5747805E-02
  0.1403237    
  0.2625697    
  0.1010967    
  9.8953389E-02
  7.3088437E-02
  0.1381576    
  7.2790772E-02
  2.7090885E-02
  0.1221104    
  9.2160016E-02
  3.2467384E-02
  0.1721447    
  0.1071200    
  1.2599054E-03
  7.4765414E-02
  7.2238453E-02
  2.9259457E-03
  7.4584752E-02
  0.1038979    
  2.5135638E-02
  0.0000000E+00
  2.6112704E-03
  9.5533773E-02
  2.7117295E-02
  8.4737614E-03
  1.7420974E-02
  3.2665823E-02
  0.0000000E+00
  5.6435198E-02
  0.0000000E+00
  3.8827419E-02
  8.1353173E-02
  9.1445819E-02
  4.3503154E-02
  0.1520154    
  6.2819332E-02
  5.1894911E-02
  6.8057999E-02
  0.0000000E+00
  0.1229629    
  3.4183618E-02
  9.6546337E-02
  2.9262819E-03
  7.5232856E-02
  5.2294247E-02
  0.1058575    
  3.3523571E-02
  8.4062129E-02
  0.1183139    
  5.1270500E-02
  1.9383192E-02
  0.1155789    
  7.9496264E-02
  0.1015364    
  9.8531209E-02
  9.2900604E-02
  0.1404500    
  0.0000000E+00
  5.4976020E-02
  0.1130867    
  0.1473749    
  0.0000000E+00
  4.1368823E-02
  1.0895904E-02
  5.2066403E-03
  0.1414426    
  5.3963769E-02
  7.4748442E-02
  0.1028429    
  9.6825831E-02
  5.6681387E-02
  0.1075918    
  7.1065366E-02
  6.8882450E-02
  0.1040640    
  0.1041220    
  0.1071524    
  9.6721336E-02
  8.9186810E-02
  0.1277476    
  0.1267636    
  0.1102613    
  0.1217162    
  0.1237132    
  7.6467492E-02
  0.2020186    
  5.3931255E-02
  0.1723703    
  0.1570457    
  9.1992579E-02
  5.3966504E-02
  0.0000000E+00
  7.2229795E-02
  2.5695005E-02
  6.1737772E-02
  6.5402955E-02
  5.2851789E-02
  0.0000000E+00
  0.1221388    
  8.2773022E-02
  9.8622650E-02
  9.2554703E-02
  0.1022283    
  6.9918230E-02
  0.0000000E+00
  4.7643825E-02
  0.1113178    
  2.8192293E-02
  0.1063351    
  8.2582332E-02
  0.1233113    
  8.1922203E-02
  0.0000000E+00
  9.2855230E-02
  1.4684798E-02
  6.3905112E-02
  0.0000000E+00
  0.0000000E+00
  6.0245279E-02
  0.1066639    
  0.0000000E+00
  9.3094736E-02
  8.9742504E-02
  1.0549080E-02
  9.4729371E-02
  3.3867836E-02
  9.4720170E-02
  9.7218454E-02
 
 year:        2013
  0.0000000E+00
  0.0000000E+00
  9.6640982E-02
  0.0000000E+00
  0.0000000E+00
  6.6276819E-02
  0.0000000E+00
  0.0000000E+00
  0.1148567    
  0.2514299    
  0.2009897    
  0.3418200    
  0.5316174    
  0.2739531    
  0.0000000E+00
  1.0598625E-02
  0.3238070    
  0.0000000E+00
  0.0000000E+00
  0.0000000E+00
  0.2538911    
  0.0000000E+00
  6.2399283E-02
  0.0000000E+00
  0.0000000E+00
  0.0000000E+00
  0.1873742    
  0.0000000E+00
  3.3966903E-02
  1.6400654E-02
  0.0000000E+00
  0.0000000E+00
  0.0000000E+00
  3.1963813E-03
  0.0000000E+00
  0.0000000E+00
  0.0000000E+00
  0.0000000E+00
  0.0000000E+00
  0.0000000E+00
  0.0000000E+00
  0.0000000E+00
  0.0000000E+00
  0.0000000E+00
  0.0000000E+00
  1.4076822E-02
  0.0000000E+00
  0.0000000E+00
  2.4768315E-02
  0.0000000E+00
  0.2752690    
  0.0000000E+00
  0.0000000E+00
  0.0000000E+00
  2.1411292E-03
  0.0000000E+00
  5.9932317E-03
  0.0000000E+00
  0.0000000E+00
  5.9859451E-02
  0.0000000E+00
  0.0000000E+00
  4.2538405E-03
  0.0000000E+00
  2.5406851E-02
  5.7485630E-03
  0.0000000E+00
  0.3419344    
  0.0000000E+00
  5.7644781E-02
  0.2162882    
  0.2782366    
  0.0000000E+00
  0.0000000E+00
  0.0000000E+00
  0.0000000E+00
  2.7321177E-02
  0.0000000E+00
  0.2271857    
  0.0000000E+00
  0.0000000E+00
  0.0000000E+00
  0.0000000E+00
  0.0000000E+00
  0.0000000E+00
  0.0000000E+00
  0.0000000E+00
  4.5560319E-03
  0.0000000E+00
  0.0000000E+00
  1.6772369E-02
  2.7555212E-02
  0.0000000E+00
  3.3162169E-02
  1.2420455E-02
  0.0000000E+00
  5.5832461E-02
  7.7010361E-03
  2.6062600E-02
  8.4852800E-02
  9.7593307E-02
  7.7246008E-03
  0.0000000E+00
  0.0000000E+00
  0.0000000E+00
  0.0000000E+00
  2.3459278E-03
  0.0000000E+00
  0.0000000E+00
  2.3633292E-02
  1.6432470E-02
  5.0131804E-03
  0.0000000E+00
  1.7288674E-02
  0.0000000E+00
  0.0000000E+00
  0.0000000E+00
  1.4490458E-02
  0.0000000E+00
  1.0525797E-02
  1.1331096E-02
  3.7448604E-02
  2.5559176E-02
  0.0000000E+00
  1.5345053E-02
  0.0000000E+00
  0.0000000E+00
  0.0000000E+00
  0.0000000E+00
  0.0000000E+00
  2.8873073E-02
  0.0000000E+00
  4.0205725E-02
  1.4861930E-02
  0.0000000E+00
  2.7932443E-02
  0.0000000E+00
  2.9508434E-02
  2.0574244E-02
 
 year:        2014
  0.0000000E+00
  0.0000000E+00
  7.9192922E-02
  2.2658980E-03
  0.0000000E+00
  0.2115810    
  0.0000000E+00
  1.9209206E-02
  9.8800428E-02
  0.2010891    
  0.1533328    
  0.2722786    
  0.4428870    
  0.1958459    
  1.6844358E-02
  9.9164791E-02
  0.2408584    
  6.0240202E-02
  0.0000000E+00
  4.2426877E-02
  0.1926541    
  0.0000000E+00
  0.1331941    
  2.8405497E-02
  0.0000000E+00
  0.0000000E+00
  0.1374991    
  0.0000000E+00
  6.7249373E-02
  0.1002720    
  0.0000000E+00
  0.0000000E+00
  0.0000000E+00
  7.8407988E-02
  0.0000000E+00
  0.0000000E+00
  0.0000000E+00
  0.0000000E+00
  0.0000000E+00
  1.3120408E-02
  0.0000000E+00
  1.3774900E-02
  3.7099004E-02
  3.9536227E-02
  3.9490186E-02
  0.1029339    
  4.2621665E-02
  4.2329475E-02
  6.3707702E-02
  0.0000000E+00
  0.2077610    
  0.0000000E+00
  6.0685325E-02
  0.0000000E+00
  5.9578102E-02
  4.3355040E-03
  5.6271274E-02
  2.8751604E-02
  1.8752123E-03
  0.1228121    
  0.0000000E+00
  0.0000000E+00
  7.1193464E-02
  3.0136982E-02
  0.1237647    
  5.6709353E-02
  2.8126240E-02
  0.2723610    
  0.0000000E+00
  6.0435165E-02
  0.1647865    
  0.2160214    
  0.0000000E+00
  0.0000000E+00
  0.0000000E+00
  0.0000000E+00
  9.1996163E-02
  9.4708325E-03
  0.1846224    
  1.3640725E-02
  1.5409288E-02
  1.0136603E-02
  3.5918761E-02
  2.2805013E-02
  1.5965767E-02
  3.2622643E-02
  3.2836255E-02
  4.4377372E-02
  2.5239896E-02
  8.6510638E-03
  6.1630704E-02
  6.0524229E-02
  6.0368102E-02
  6.6295497E-02
  5.6563899E-02
  5.9545261E-04
  0.1565267    
  5.3081065E-02
  0.1161805    
  0.1817562    
  0.1381730    
  5.3117711E-02
  0.0000000E+00
  3.0434404E-02
  4.4287583E-03
  2.0849623E-02
  7.9508312E-02
  1.8042946E-02
  0.0000000E+00
  8.0361426E-02
  0.1058168    
  6.6118024E-02
  5.5575766E-02
  6.7569792E-02
  7.6036386E-02
  0.0000000E+00
  4.3074790E-02
  4.6841972E-02
  6.3451407E-03
  5.5087015E-02
  6.8900511E-02
  7.4381657E-02
  0.1173296    
  0.0000000E+00
  6.8697378E-02
  0.0000000E+00
  1.8849673E-02
  0.0000000E+00
  0.0000000E+00
  3.0862993E-02
  9.1378443E-02
  0.0000000E+00
  0.1026712    
  6.8577647E-02
  0.0000000E+00
  9.9409707E-02
  9.8171672E-03
  9.2270657E-02
  9.2615403E-02
 
 year:        2015
  0.0000000E+00
  0.0000000E+00
  0.1327799    
  1.2115251E-03
  0.0000000E+00
  0.1431345    
  0.0000000E+00
  1.3826425E-02
  0.1337668    
  0.2561119    
  0.2212826    
  0.3703751    
  0.5570554    
  0.2822007    
  3.1202614E-02
  8.7815829E-02
  0.3537085    
  4.4388298E-02
  0.0000000E+00
  3.1304412E-02
  0.2729896    
  0.0000000E+00
  7.3374018E-02
  5.0695028E-02
  0.0000000E+00
  0.0000000E+00
  0.2097238    
  0.0000000E+00
  5.7681076E-02
  8.8445537E-02
  0.0000000E+00
  0.0000000E+00
  0.0000000E+00
  6.7518055E-02
  0.0000000E+00
  0.0000000E+00
  0.0000000E+00
  0.0000000E+00
  0.0000000E+00
  0.0000000E+00
  0.0000000E+00
  0.0000000E+00
  3.3572886E-02
  3.6009020E-04
  0.0000000E+00
  0.1017684    
  7.4614352E-03
  0.0000000E+00
  4.5778088E-02
  0.0000000E+00
  0.2886348    
  0.0000000E+00
  6.5948859E-02
  0.0000000E+00
  2.5633208E-02
  0.0000000E+00
  6.9905944E-02
  0.0000000E+00
  0.0000000E+00
  0.1021917    
  0.0000000E+00
  0.0000000E+00
  7.2810695E-02
  4.9983699E-02
  7.8770600E-02
  7.8038149E-02
  4.1417908E-02
  0.3704916    
  0.0000000E+00
  8.0779091E-02
  0.2343192    
  0.2815501    
  0.0000000E+00
  0.0000000E+00
  0.0000000E+00
  0.0000000E+00
  5.1320817E-02
  0.0000000E+00
  0.2289275    
  2.3717431E-03
  7.0871781E-03
  0.0000000E+00
  2.4312116E-02
  0.0000000E+00
  8.8547021E-03
  3.5401322E-02
  3.5577334E-02
  3.5134260E-02
  3.1351443E-02
  0.0000000E+00
  4.1594043E-02
  6.2046658E-02
  7.6167487E-02
  7.6477014E-02
  3.6609355E-02
  0.0000000E+00
  0.1978964    
  1.9719178E-02
  0.1515636    
  0.1921601    
  0.1326023    
  1.9759711E-02
  0.0000000E+00
  5.2335136E-02
  0.0000000E+00
  3.3294685E-02
  5.0036382E-02
  0.0000000E+00
  0.0000000E+00
  0.1370047    
  9.3531720E-02
  9.3114592E-02
  6.3924409E-02
  0.1049144    
  6.5066926E-02
  0.0000000E+00
  0.0000000E+00
  7.3911302E-02
  0.0000000E+00
  7.1147054E-02
  4.9549699E-02
  0.1268144    
  8.4207639E-02
  0.0000000E+00
  7.2225794E-02
  0.0000000E+00
  8.1410045E-03
  0.0000000E+00
  0.0000000E+00
  1.5965588E-02
  8.7101735E-02
  0.0000000E+00
  5.8554843E-02
  7.5890154E-02
  0.0000000E+00
  7.6116703E-02
  0.0000000E+00
  5.9366643E-02
  6.7406379E-02
 
 year:        2016
  0.0000000E+00
  0.0000000E+00
  7.6535657E-02
  2.4099220E-02
  0.0000000E+00
  0.2211563    
  0.0000000E+00
  6.6338077E-02
  7.4564613E-02
  0.1589327    
  0.1282871    
  0.2317028    
  0.3932870    
  0.1741954    
  6.1401885E-02
  8.7184809E-02
  0.2144058    
  5.9056602E-02
  0.0000000E+00
  9.7965270E-02
  0.1710017    
  8.0280155E-03
  0.1364156    
  8.0261566E-02
  0.0000000E+00
  0.0000000E+00
  0.1267873    
  0.0000000E+00
  6.0540348E-02
  8.7266661E-02
  0.0000000E+00
  0.0000000E+00
  0.0000000E+00
  6.6129312E-02
  0.0000000E+00
  0.0000000E+00
  0.0000000E+00
  0.0000000E+00
  0.0000000E+00
  1.6881024E-02
  0.0000000E+00
  7.1864086E-03
  3.5624128E-02
  5.9293397E-02
  1.5598975E-02
  0.1488292    
  3.2845236E-02
  1.4887429E-02
  3.9189544E-02
  0.0000000E+00
  0.1784194    
  0.0000000E+00
  6.1489359E-02
  0.0000000E+00
  4.2769302E-02
  1.3704477E-02
  7.1476527E-02
  7.5654953E-04
  5.1189680E-03
  0.1246943    
  1.0159166E-02
  0.0000000E+00
  8.2311422E-02
  3.9678942E-02
  0.1125080    
  6.8187252E-02
  5.1007628E-02
  0.2318262    
  0.0000000E+00
  4.8485931E-02
  0.1504665    
  0.1982890    
  0.0000000E+00
  0.0000000E+00
  0.0000000E+00
  0.0000000E+00
  0.1396948    
  1.6674789E-02
  0.1439607    
  6.7328528E-02
  7.0116170E-02
  3.0461300E-02
  8.4019512E-02
  3.5856660E-02
  3.2701492E-02
  8.0936275E-02
  8.1114180E-02
  6.5103285E-02
  6.0185447E-02
  7.8604138E-03
  5.6571521E-02
  9.7045280E-02
  0.1149758    
  0.1145158    
  5.1470730E-02
  8.6757187E-03
  0.2514291    
  1.5146906E-02
  0.1954348    
  0.1902488    
  0.1313450    
  1.5204562E-02
  0.0000000E+00
  4.0720485E-02
  0.0000000E+00
  2.5262514E-02
  6.4795725E-02
  0.0000000E+00
  0.0000000E+00
  0.1012565    
  9.7712047E-02
  8.2897864E-02
  5.8411002E-02
  8.3802059E-02
  6.8336152E-02
  0.0000000E+00
  2.5729856E-02
  8.8392258E-02
  9.8747471E-03
  8.1766538E-02
  7.1943626E-02
  0.1257318    
  0.1016524    
  0.0000000E+00
  8.5625976E-02
  0.0000000E+00
  3.5857122E-02
  0.0000000E+00
  0.0000000E+00
  3.8786542E-02
  0.1217771    
  0.0000000E+00
  0.1072195    
  9.2782587E-02
  0.0000000E+00
  0.1021506    
  0.0000000E+00
  9.4318055E-02
  9.5449612E-02
 
 year:        2017
  0.0000000E+00
  0.0000000E+00
  8.7340660E-02
  0.0000000E+00
  0.0000000E+00
  0.1532494    
  0.0000000E+00
  3.5214946E-02
  0.1068821    
  0.2478028    
  0.2020304    
  0.3827246    
  0.6322970    
  0.2936373    
  2.9959444E-02
  6.4797707E-02
  0.3699098    
  3.8066566E-02
  0.0000000E+00
  6.9578499E-02
  0.2843731    
  0.0000000E+00
  9.9967539E-02
  5.7121173E-02
  0.0000000E+00
  0.0000000E+00
  0.2174044    
  0.0000000E+00
  7.3938102E-02
  9.0122111E-02
  0.0000000E+00
  0.0000000E+00
  0.0000000E+00
  7.3789299E-02
  0.0000000E+00
  0.0000000E+00
  0.0000000E+00
  0.0000000E+00
  0.0000000E+00
  0.0000000E+00
  0.0000000E+00
  2.3218009E-03
  3.2534022E-02
  9.3606627E-03
  1.3038634E-02
  0.1188144    
  2.5756739E-02
  1.0181147E-02
  4.8976205E-02
  0.0000000E+00
  0.3039789    
  0.0000000E+00
  5.2154303E-02
  0.0000000E+00
  3.7997305E-02
  0.0000000E+00
  7.2023742E-02
  4.6718423E-03
  0.0000000E+00
  0.1687652    
  0.0000000E+00
  0.0000000E+00
  8.0169424E-02
  5.0182465E-02
  0.1229407    
  8.2622774E-02
  3.8296778E-02
  0.3828570    
  0.0000000E+00
  4.5797996E-02
  0.2003473    
  0.2916499    
  0.0000000E+00
  0.0000000E+00
  0.0000000E+00
  0.0000000E+00
  0.1013156    
  0.0000000E+00
  0.2206899    
  4.2744577E-02
  3.1728622E-02
  3.9848057E-03
  5.6692209E-02
  1.5489118E-03
  0.0000000E+00
  5.7443541E-02
  5.7597619E-02
  2.0502497E-02
  3.7028518E-02
  0.0000000E+00
  1.7780930E-02
  4.7227893E-02
  7.8046389E-02
  6.2266499E-02
  1.2844679E-02
  0.0000000E+00
  0.2108322    
  2.7898885E-02
  0.1563386    
  0.1875889    
  0.1528847    
  2.7929066E-02
  0.0000000E+00
  4.1627225E-02
  0.0000000E+00
  1.9450637E-02
  6.0388599E-02
  0.0000000E+00
  0.0000000E+00
  0.1204846    
  9.6946433E-02
  8.4560566E-02
  5.7982963E-02
  0.1148446    
  6.1629143E-02
  0.0000000E+00
  7.3844842E-03
  7.5320072E-02
  0.0000000E+00
  7.8376539E-02
  8.0768637E-02
  0.1415080    
  0.1046204    
  0.0000000E+00
  8.3797999E-02
  0.0000000E+00
  1.3340943E-02
  0.0000000E+00
  0.0000000E+00
  1.9700032E-02
  0.1181935    
  0.0000000E+00
  0.1081065    
  7.4249722E-02
  0.0000000E+00
  0.1094335    
  0.0000000E+00
  0.1083528    
  0.1166209    
 
 year:        2018
  0.0000000E+00
  0.0000000E+00
  0.1818557    
  5.9574809E-02
  8.7537831E-03
  0.4298545    
  0.0000000E+00
  0.1399034    
  0.1716229    
  0.3281489    
  0.2681927    
  0.4539762    
  0.7149477    
  0.3589668    
  0.1539433    
  0.2846370    
  0.4372291    
  0.2019616    
  1.8146157E-02
  0.2133104    
  0.3434936    
  8.0933906E-02
  0.3113743    
  0.1839951    
  3.3495191E-02
  4.8111126E-02
  0.2515714    
  0.0000000E+00
  0.1902444    
  0.2705438    
  0.0000000E+00
  0.0000000E+00
  2.3041278E-02
  0.2271198    
  7.6867439E-02
  2.5870285E-03
  5.8438100E-02
  8.5606374E-02
  0.0000000E+00
  6.2908202E-02
  1.6867734E-02
  9.7651564E-02
  0.1559939    
  0.1188364    
  0.1071519    
  0.3187194    
  0.1273918    
  0.1010861    
  0.1742218    
  0.0000000E+00
  0.3829809    
  8.0360241E-02
  0.1805186    
  0.0000000E+00
  0.1626178    
  5.6345031E-02
  0.1878411    
  8.6856604E-02
  6.6591643E-02
  0.3309382    
  6.3604809E-02
  7.1569979E-02
  0.2124428    
  0.1305807    
  0.2615911    
  0.1837540    
  0.1410138    
  0.4540986    
  2.8525900E-02
  0.1171734    
  0.3323340    
  0.3955273    
  2.0269075E-02
  2.8872039E-02
  0.0000000E+00
  7.6672863E-03
  0.2204550    
  6.4442053E-02
  0.3034648    
  0.1356287    
  0.1402378    
  7.0561677E-02
  0.1877616    
  8.9344561E-02
  9.1133237E-02
  0.1842119    
  0.1844705    
  0.1490860    
  0.1619757    
  7.4735515E-02
  0.1956723    
  0.2044785    
  0.2400594    
  0.2306696    
  0.1845223    
  5.6449264E-02
  0.4623898    
  0.1303038    
  0.3714878    
  0.4455170    
  0.3501432    
  0.1303738    
  0.0000000E+00
  0.1292311    
  7.0339248E-02
  0.1105405    
  0.2120618    
  8.7601617E-02
  0.0000000E+00
  0.2373772    
  0.2944436    
  0.1960112    
  0.1956951    
  0.2061637    
  0.2339553    
  9.7449673E-03
  0.1120541    
  0.1740707    
  9.7406857E-02
  0.1964745    
  0.2299793    
  0.2311614    
  0.2878141    
  0.0000000E+00
  0.2476117    
  6.4639457E-02
  0.1278189    
  8.4800657E-04
  0.0000000E+00
  0.1370424    
  0.2892156    
  2.3674166E-02
  0.2749250    
  0.2257235    
  4.8703875E-02
  0.2853358    
  9.8035954E-02
  0.2425615    
  0.2469971    
 
 year:        2019
  0.0000000E+00
  0.0000000E+00
  0.1518688    
  0.1642266    
  9.5715255E-02
  0.4592575    
  6.9407031E-02
  0.2234395    
  0.1617596    
  0.2852608    
  0.2530803    
  0.4049961    
  0.5882250    
  0.2987071    
  0.2204365    
  0.2670672    
  0.3651219    
  0.2313222    
  0.1130242    
  0.2662185    
  0.3002128    
  0.1515396    
  0.3471448    
  0.2364340    
  0.1023410    
  0.1553441    
  0.1809418    
  7.4451089E-02
  0.2261370    
  0.2675661    
  8.9015745E-02
  5.4226194E-02
  0.1009924    
  0.2405556    
  0.1474943    
  0.1030651    
  9.8579898E-02
  0.1282172    
  0.0000000E+00
  0.1878398    
  9.7580992E-02
  0.1294344    
  0.1964234    
  0.2279741    
  0.1556634    
  0.3237100    
  0.1677093    
  0.1528506    
  0.2215152    
  4.6303183E-02
  0.3214585    
  0.1534183    
  0.2171125    
  8.5686684E-02
  0.1931170    
  0.1718424    
  0.1977472    
  0.1187441    
  0.1616053    
  0.3207806    
  0.1353634    
  0.1313767    
  0.2228682    
  0.1601395    
  0.3070123    
  0.1918790    
  0.1909789    
  0.4051127    
  5.6682717E-02
  0.1094331    
  0.2769014    
  0.3443709    
  8.5715540E-02
  0.1513012    
  9.3946181E-02
  0.1026661    
  0.2666193    
  0.1826923    
  0.2661229    
  0.2342209    
  0.2406165    
  0.1844882    
  0.2606773    
  0.1721643    
  0.1798933    
  0.2336796    
  0.2337457    
  0.2207124    
  0.2392874    
  0.1829650    
  0.2515796    
  0.3014860    
  0.2665448    
  0.2968955    
  0.2436562    
  0.1608209    
  0.4425713    
  0.1833896    
  0.3799212    
  0.3706507    
  0.3203620    
  0.1834100    
  1.4085785E-02
  0.1698267    
  0.1204858    
  0.1533856    
  0.2396593    
  0.1195953    
  3.1478006E-02
  0.2486919    
  0.2828688    
  0.2189175    
  0.2228639    
  0.2101289    
  0.2455552    
  4.8172068E-02
  0.1492748    
  0.2023446    
  0.1495375    
  0.2285196    
  0.2506843    
  0.2423604    
  0.2863745    
  0.0000000E+00
  0.2696396    
  8.3592914E-02
  0.1649115    
  3.0532619E-02
  0.0000000E+00
  0.1835281    
  0.2912101    
  5.2094907E-02
  0.2704540    
  0.2395857    
  7.1908467E-02
  0.2727826    
  0.1076004    
  0.2617053    
  0.2634677    
 
 year:        2020
  0.0000000E+00
  0.0000000E+00
  0.1058380    
  0.0000000E+00
  0.0000000E+00
  0.1952610    
  0.0000000E+00
  2.7874576E-02
  0.1165478    
  0.2528148    
  0.2069122    
  0.3693635    
  0.5764419    
  0.2914593    
  4.5306470E-02
  0.1434380    
  0.3471717    
  9.6363671E-02
  0.0000000E+00
  7.6444484E-02
  0.2692513    
  2.3759093E-02
  0.1670772    
  5.7861291E-02
  0.0000000E+00
  9.0204943E-03
  0.2415060    
  0.0000000E+00
  9.3359180E-02
  0.1473770    
  0.0000000E+00
  0.0000000E+00
  0.0000000E+00
  0.1168629    
  1.6943771E-02
  0.0000000E+00
  2.6898980E-03
  1.8464744E-02
  0.0000000E+00
  1.7463105E-02
  0.0000000E+00
  3.0028086E-02
  6.9582641E-02
  5.0367255E-02
  4.6343219E-02
  0.1495328    
  5.9089497E-02
  4.3665696E-02
  8.2958974E-02
  0.0000000E+00
  0.3153387    
  1.6165596E-02
  9.1443464E-02
  0.0000000E+00
  7.7201843E-02
  1.8357892E-02
  0.1098549    
  2.9867327E-02
  1.9249592E-02
  0.2042246    
  0.0000000E+00
  1.3665221E-02
  0.1196327    
  6.4167306E-02
  0.1677385    
  0.1011854    
  7.3788665E-02
  0.3694879    
  0.0000000E+00
  7.6522723E-02
  0.2144249    
  0.2815951    
  0.0000000E+00
  0.0000000E+00
  0.0000000E+00
  0.0000000E+00
  0.1440394    
  1.2810193E-02
  0.2246825    
  3.0785855E-02
  3.1891994E-02
  2.8066207E-02
  5.3341988E-02
  4.2507093E-02
  4.3925695E-02
  4.8031196E-02
  4.8145309E-02
  8.1740856E-02
  5.2969653E-02
  1.8459199E-02
  7.9998747E-02
  0.1142981    
  0.1013674    
  0.1424810    
  7.2774917E-02
  1.7415432E-02
  0.2473329    
  5.4857034E-02
  0.1853179    
  0.2617023    
  0.2046467    
  5.4887604E-02
  0.0000000E+00
  7.6053277E-02
  1.3998666E-02
  5.6149498E-02
  0.1202836    
  3.2297034E-02
  0.0000000E+00
  0.1497335    
  0.1507952    
  0.1323272    
  8.9718781E-02
  0.1245850    
  0.1101966    
  0.0000000E+00
  4.3648362E-02
  0.1133003    
  3.3948701E-02
  0.1210546    
  0.1197679    
  0.1619957    
  0.1733356    
  0.0000000E+00
  0.1206378    
  1.6123055E-02
  5.6709450E-02
  0.0000000E+00
  0.0000000E+00
  7.1035333E-02
  0.1777957    
  0.0000000E+00
  0.1622577    
  0.1388978    
  0.0000000E+00
  0.1791418    
  1.6962217E-02
  0.1393858    
  0.1388960    
 
 year:        2021
  0.0000000E+00
  0.0000000E+00
  0.1072154    
  0.0000000E+00
  0.0000000E+00
  9.6551642E-02
  0.0000000E+00
  0.0000000E+00
  0.1171732    
  0.2496775    
  0.2055505    
  0.3699726    
  0.5982359    
  0.2744121    
  1.2286567E-02
  4.2751819E-02
  0.3382345    
  1.4532461E-02
  0.0000000E+00
  5.0255857E-02
  0.2620676    
  0.0000000E+00
  4.7665413E-02
  1.6208556E-02
  0.0000000E+00
  0.0000000E+00
  0.1596876    
  0.0000000E+00
  2.3838896E-02
  3.6425844E-02
  0.0000000E+00
  0.0000000E+00
  0.0000000E+00
  1.6094048E-02
  0.0000000E+00
  0.0000000E+00
  0.0000000E+00
  0.0000000E+00
  0.0000000E+00
  0.0000000E+00
  0.0000000E+00
  0.0000000E+00
  0.0000000E+00
  0.0000000E+00
  0.0000000E+00
  0.1046505    
  0.0000000E+00
  0.0000000E+00
  2.9331833E-02
  0.0000000E+00
  0.2652914    
  0.0000000E+00
  0.0000000E+00
  0.0000000E+00
  0.0000000E+00
  0.0000000E+00
  2.8729674E-03
  0.0000000E+00
  0.0000000E+00
  4.4450488E-02
  0.0000000E+00
  0.0000000E+00
  0.0000000E+00
  0.0000000E+00
  3.6024280E-02
  8.4210075E-03
  0.0000000E+00
  0.3701053    
  0.0000000E+00
  6.3242026E-02
  0.2053507    
  0.2566030    
  0.0000000E+00
  0.0000000E+00
  0.0000000E+00
  0.0000000E+00
  2.2018818E-02
  0.0000000E+00
  0.2221983    
  0.0000000E+00
  0.0000000E+00
  0.0000000E+00
  1.7856570E-02
  0.0000000E+00
  0.0000000E+00
  2.6976148E-02
  2.7147934E-02
  0.0000000E+00
  4.2416528E-02
  0.0000000E+00
  1.0775419E-02
  0.0000000E+00
  5.6950197E-02
  8.6612767E-03
  5.9621315E-03
  0.0000000E+00
  0.1749265    
  1.0282290E-02
  0.1092845    
  0.1155840    
  0.1189252    
  1.0330091E-02
  0.0000000E+00
  0.0000000E+00
  0.0000000E+00
  0.0000000E+00
  2.1257751E-02
  0.0000000E+00
  0.0000000E+00
  4.1931961E-02
  6.1370768E-02
  2.1369919E-02
  0.0000000E+00
  3.7172820E-02
  3.1372324E-02
  0.0000000E+00
  0.0000000E+00
  9.3980059E-03
  0.0000000E+00
  1.8140417E-02
  8.3888443E-03
  7.5710826E-02
  5.8012318E-02
  0.0000000E+00
  2.7115799E-02
  0.0000000E+00
  0.0000000E+00
  0.0000000E+00
  0.0000000E+00
  0.0000000E+00
  5.7928730E-02
  0.0000000E+00
  3.8773596E-02
  4.4972319E-03
  0.0000000E+00
  2.5280692E-02
  0.0000000E+00
  8.2241520E-03
  1.1904253E-02
 
 year:        2022
  0.0000000E+00
  0.0000000E+00
  0.1099976    
  9.7111546E-02
  1.9989071E-02
  0.3244462    
  0.0000000E+00
  0.1432692    
  0.1115069    
  0.2083567    
  0.1649891    
  0.2947505    
  0.4812399    
  0.2151959    
  0.1536312    
  0.1833367    
  0.2728253    
  0.1501449    
  3.3881020E-02
  0.1874227    
  0.1858902    
  6.0340915E-02
  0.2608329    
  0.1682064    
  6.2262863E-03
  6.8650126E-02
  0.1197016    
  0.0000000E+00
  0.1495198    
  0.1798396    
  4.5218337E-03
  0.0000000E+00
  1.2895711E-02
  0.1591122    
  4.0486630E-02
  1.9551248E-03
  4.4269580E-02
  5.1437527E-02
  0.0000000E+00
  5.8724459E-02
  0.0000000E+00
  5.9817277E-02
  0.1108461    
  0.1040345    
  0.1037785    
  0.2396470    
  9.7300664E-02
  0.1073024    
  0.1485469    
  0.0000000E+00
  0.2390565    
  4.4368893E-02
  0.1496277    
  0.0000000E+00
  0.1137079    
  5.4040335E-02
  0.1674390    
  7.7366777E-02
  7.0225880E-02
  0.2274878    
  5.0911114E-02
  3.8480457E-02
  0.1767170    
  0.1179982    
  0.2018227    
  0.1624934    
  0.1237872    
  0.2948510    
  1.0331239E-02
  7.7188998E-02
  0.1888863    
  0.2517049    
  6.5761870E-03
  4.6538170E-02
  0.0000000E+00
  0.0000000E+00
  0.2151320    
  6.9156013E-02
  0.1900842    
  0.1479686    
  0.1456941    
  7.4477479E-02
  0.1805186    
  7.2460040E-02
  7.4701615E-02
  0.1728289    
  0.1728835    
  0.1267550    
  0.1537454    
  7.1903139E-02
  0.1825920    
  0.1824186    
  0.2016367    
  0.1922942    
  0.1762353    
  6.3798323E-02
  0.3028880    
  0.1363208    
  0.2569723    
  0.2901715    
  0.2230797    
  0.1363331    
  0.0000000E+00
  0.1111187    
  6.5157950E-02
  9.0720400E-02
  0.1749455    
  8.3536424E-02
  0.0000000E+00
  0.1965905    
  0.1924171    
  0.1747311    
  0.1493746    
  0.1791002    
  0.1649275    
  1.2048507E-02
  0.1003935    
  0.1625272    
  7.6467991E-02
  0.1637245    
  0.1759883    
  0.2059432    
  0.2119793    
  0.0000000E+00
  0.1757326    
  4.0384512E-02
  0.1033879    
  0.0000000E+00
  0.0000000E+00
  0.1066585    
  0.2025688    
  1.0055396E-03
  0.2183397    
  0.1754598    
  2.1622878E-02
  0.2059221    
  5.6207553E-02
  0.1706881    
  0.1754750    
 
