 Yearly Averaged GW/SW Rates for SWAT
 
 year:        2001
   249909.0    
   1158166.    
   1124996.    
   294618.2    
   148150.4    
   205670.4    
   821592.4    
  -82.92098    
   1049787.    
   557350.8    
   575192.5    
  -63888.25    
   120438.3    
   978162.3    
   80238.78    
   379958.0    
   686438.0    
   769798.1    
   58551.84    
   110376.0    
   1175861.    
   330075.1    
   240603.7    
   542125.1    
   511109.5    
   620871.6    
   40111.61    
   239335.9    
   824960.9    
   187315.9    
   652817.1    
   506351.5    
   239032.3    
   59163.97    
   212597.9    
   484285.7    
   464492.1    
   552058.6    
   6823.595    
   132558.6    
   191081.8    
   104266.3    
   400949.4    
   399429.2    
   472725.7    
   32060.78    
   72578.07    
   151349.0    
   240686.6    
   1271500.    
   438745.2    
   299597.1    
   32265.99    
   2170509.    
   54622.54    
   252507.9    
   77622.27    
   306670.8    
   39234.88    
   16825.38    
  -64138.65    
   28690.11    
   146243.5    
   68111.48    
   22012.24    
   44315.34    
   14640.75    
   552190.5    
   45169.35    
   276387.6    
   260075.0    
   297761.0    
   1710033.    
   624534.9    
   681699.1    
   60554.68    
  -85547.73    
   301210.5    
   120348.7    
  -21406.49    
   223371.8    
   363437.0    
   592927.9    
   770093.7    
   192244.3    
   253748.9    
   63891.79    
   233141.6    
  0.0000000E+00
   167905.0    
   19338.12    
   214004.2    
   36988.10    
   212253.3    
   35205.93    
   44430.48    
  -80912.52    
   243951.0    
   111574.1    
  -143624.7    
   94182.58    
   504286.5    
  0.0000000E+00
   190767.8    
   263977.8    
   163554.1    
   366989.8    
  0.0000000E+00
   364910.4    
   20623.93    
  -51867.55    
   76551.68    
   17738.55    
   932.4989    
  -260.1042    
   150324.6    
   134957.5    
   12259.96    
  0.0000000E+00
   40091.43    
   150848.0    
   137265.2    
  0.0000000E+00
   118073.3    
   77348.73    
   139735.0    
   235666.2    
   193358.6    
   1053462.    
   93276.51    
   155165.7    
   26692.46    
   70978.62    
   193731.0    
   22644.49    
   3736.658    
   164716.4    
   24306.40    
  -46999.05    
 
 year:        2002
   21050.01    
   392121.2    
   404380.9    
   59194.86    
   101115.0    
   173731.4    
   432838.7    
  -36315.55    
   513039.6    
   303737.4    
   272432.5    
  -60226.98    
   98688.38    
   199003.2    
  -39945.71    
   331550.0    
   161288.9    
   569640.2    
   38443.98    
   83147.52    
   370110.8    
   197635.1    
   199034.9    
   275155.5    
   280218.2    
   347456.8    
   23910.33    
   57491.51    
   588742.2    
   155084.5    
   364005.0    
   262954.2    
   119557.2    
   34986.02    
   116056.0    
   286537.1    
   328587.3    
   339223.3    
   6284.503    
   17964.32    
   70684.53    
   71240.19    
   283597.0    
   291893.2    
   391477.4    
   26850.52    
   63534.42    
   114893.1    
   189195.4    
   520287.1    
   259783.3    
   173687.7    
  -46460.04    
   869347.7    
   46980.84    
   160445.9    
   70146.52    
   198118.4    
  -2322.083    
   10381.84    
  -61885.86    
   21547.64    
   124722.9    
   50431.14    
   9145.116    
   42844.71    
   11388.89    
   213640.4    
   32465.12    
   199639.3    
   93479.80    
   97484.10    
   336702.1    
   271081.0    
   41812.55    
   22255.83    
  -160690.5    
   224217.5    
  -10778.63    
  -122303.9    
   80215.62    
   236625.2    
   270788.9    
   447662.9    
   55766.34    
   106234.0    
   11178.30    
   129185.1    
  0.0000000E+00
  -44833.84    
  -4438.310    
   169591.8    
   22395.34    
   152309.6    
  -30607.94    
   8530.278    
  -125782.5    
   175549.8    
   36016.55    
  -171512.5    
   13321.21    
   86113.49    
  0.0000000E+00
   116759.4    
   8573.117    
   146771.0    
   242755.1    
  0.0000000E+00
   176502.3    
  -7946.618    
  -125657.2    
   58181.17    
   3549.199    
   914.5840    
  -4811.363    
  -5618.802    
   113057.5    
   7601.641    
  0.0000000E+00
   32724.78    
   96770.72    
   130167.1    
  0.0000000E+00
   69255.77    
   53826.96    
   116796.6    
   136920.0    
   177144.7    
   420500.4    
   43219.30    
   135075.6    
  -15261.47    
   49267.78    
   157786.2    
   20109.11    
  -4634.063    
   101514.8    
   22813.17    
  -60718.99    
 
 year:        2003
  -149.1836    
   227588.7    
   270451.1    
   37671.21    
   93779.09    
   167036.3    
   358390.1    
  -40505.80    
   425615.7    
   252804.5    
   239508.5    
  -55374.45    
   94083.20    
   80185.59    
  -69689.24    
   312695.7    
   97528.27    
   509122.0    
   33037.28    
   75446.08    
   255360.1    
   166412.6    
   186569.4    
   197456.7    
   222480.0    
   290141.2    
   20815.29    
   29387.97    
   548739.5    
   143235.7    
   311495.8    
   209432.7    
   98605.14    
   26528.24    
   101889.3    
   228003.8    
   299253.7    
   292194.2    
   6140.573    
  -2078.913    
   52769.64    
   65518.21    
   253876.8    
   256977.6    
   356519.9    
   26158.46    
   65091.10    
   102896.8    
   182824.8    
   338667.3    
   225967.0    
   148774.7    
  -53079.61    
   625764.6    
   49758.68    
   141806.3    
   69538.95    
   166512.7    
  -3943.760    
   13383.55    
  -55122.29    
   19824.91    
   118764.7    
   46131.89    
   16052.31    
   42376.05    
   10779.79    
   172169.8    
   28700.36    
   178623.9    
   55046.53    
   46347.52    
   107231.2    
   160963.5    
  -99736.49    
   17966.48    
  -177970.6    
   187385.7    
  -45838.27    
  -137384.0    
   53146.31    
   182971.9    
   199042.7    
   339721.9    
   38121.89    
   48215.24    
  -9208.618    
   110498.5    
  0.0000000E+00
  -65533.44    
  -11230.92    
   151979.0    
   18272.30    
   137164.5    
  -36028.39    
  -8453.581    
  -142010.4    
   164044.6    
   23468.58    
  -175784.8    
  -11662.80    
  -11084.91    
  0.0000000E+00
   95845.70    
  -65500.79    
   142583.6    
   210330.7    
  0.0000000E+00
   121932.8    
  -21317.23    
  -142949.7    
   51240.10    
  -997.3067    
   908.5812    
  -6044.056    
  -55318.62    
   100626.2    
   5653.271    
  0.0000000E+00
   31157.88    
   78766.85    
   126312.7    
  0.0000000E+00
   51502.79    
   45620.35    
   106015.0    
   113343.0    
   168976.9    
   259407.9    
   29680.67    
   128150.2    
  -32088.35    
   42071.05    
   151958.9    
   19604.38    
  -1725.368    
   65928.34    
   24863.96    
  -59485.91    
 
 year:        2004
  -8210.249    
   158728.3    
   221681.1    
   33051.97    
   91584.45    
   164465.3    
   331372.4    
  -41399.60    
   391382.1    
   236543.9    
   231894.5    
  -51054.81    
   91344.62    
   52405.31    
  -81536.50    
   303872.6    
   85758.92    
   483652.5    
   31122.15    
   72231.66    
   218484.0    
   153870.0    
   181194.7    
   164478.6    
   197628.9    
   265317.4    
   20123.45    
   21467.88    
   533954.2    
   137432.7    
   290665.5    
   194745.8    
   92279.59    
   22825.84    
   99900.80    
   202876.7    
   286538.2    
   276784.1    
   6060.238    
  -6355.185    
   47937.86    
   64103.19    
   246774.9    
   240047.4    
   337506.7    
   25898.32    
   64141.37    
   96694.19    
   180451.2    
   268107.5    
   212244.5    
   143350.5    
  -44632.42    
   554889.6    
   45442.66    
   134725.3    
   69725.16    
   149251.5    
  -3359.204    
   11000.09    
  -47613.38    
   19025.69    
   117399.5    
   45095.20    
   14230.59    
   42147.71    
   10679.90    
   162798.9    
   26392.99    
   163715.7    
   38345.65    
   26662.39    
   52557.75    
   108451.0    
  -144886.0    
   16762.44    
  -179942.3    
   168067.5    
  -56675.48    
  -139284.1    
   43263.24    
   156908.1    
   171193.6    
   285563.3    
   39121.60    
   14722.16    
  -19154.51    
   103959.8    
  0.0000000E+00
  -68795.66    
  -13624.52    
   140579.0    
   16414.53    
   128598.1    
  -34028.93    
  -19272.50    
  -150382.0    
   158182.7    
   21336.28    
  -171195.1    
  -18260.08    
  -49931.81    
  0.0000000E+00
   85135.88    
  -91693.70    
   140897.2    
   192038.5    
  0.0000000E+00
   94115.17    
  -28526.21    
  -149348.7    
   47646.91    
  -1710.705    
   906.0278    
  -6487.459    
  -84120.02    
   92539.45    
   4754.500    
  0.0000000E+00
   30405.18    
   70699.48    
   125119.1    
  0.0000000E+00
   41816.53    
   42804.21    
   98542.36    
   105580.0    
   163621.1    
   182326.7    
   25528.30    
   125983.9    
  -43111.97    
   37478.68    
   138079.4    
   18540.70    
  -5782.481    
   38102.66    
   25680.86    
  -61276.57    
 
 year:        2005
  -17694.38    
   114206.4    
   193877.4    
   27690.75    
   89501.25    
   162763.9    
   313639.0    
  -42516.88    
   366544.9    
   223782.0    
   225538.1    
  -50619.97    
   90321.72    
   28670.69    
  -89188.01    
   298209.6    
   75888.84    
   466804.0    
   30219.54    
   70696.95    
   187783.9    
   144796.7    
   177935.8    
   143356.0    
   178429.6    
   247333.0    
   18842.89    
   13547.40    
   524392.1    
   134369.8    
   276034.6    
   177926.7    
   88121.86    
   20294.32    
   97167.33    
   186352.7    
   275737.8    
   256826.2    
   5994.427    
  -13199.90    
   43494.76    
   62340.61    
   234428.9    
   227624.8    
   322026.2    
   25678.18    
   59667.66    
   91777.73    
   178239.5    
   220336.3    
   202735.0    
   135338.9    
  -52203.19    
   507570.1    
   38486.53    
   122970.6    
   69318.65    
   134152.3    
  -5666.149    
   6717.959    
  -47254.88    
   18500.26    
   114761.7    
   43406.68    
   6741.994    
   41836.37    
   10348.88    
   155378.2    
   24342.86    
   152411.8    
   26573.55    
   14686.35    
   10203.11    
   72316.51    
  -180513.0    
   15215.28    
  -184343.7    
   156345.0    
  -67592.93    
  -146010.4    
   33971.33    
   139219.2    
   147463.1    
   247117.4    
   31547.31    
  -8516.458    
  -26786.30    
   96271.68    
  0.0000000E+00
  -73430.06    
  -14849.71    
   130648.5    
   15334.53    
   118568.0    
  -38220.74    
  -28213.42    
  -157461.7    
   151431.7    
   14303.98    
  -174776.5    
  -24191.85    
  -88976.55    
  0.0000000E+00
   76457.33    
  -111958.6    
   138994.7    
   173050.4    
  0.0000000E+00
   74118.12    
  -34828.18    
  -158085.1    
   44585.68    
  -1941.954    
   902.6794    
  -6634.042    
  -108543.1    
   86678.29    
   3995.244    
  0.0000000E+00
   29188.14    
   65656.30    
   123430.3    
  0.0000000E+00
   35376.61    
   40406.29    
   92539.68    
   98992.52    
   158466.1    
   127425.2    
   20183.55    
   123599.3    
  -55989.63    
   30548.53    
   122497.0    
   16943.26    
  -9908.033    
   5062.922    
   21793.69    
  -65593.09    
 
 year:        2006
  -22043.88    
   91099.66    
   181430.8    
   24902.36    
   88636.95    
   161362.1    
   304450.0    
  -42449.96    
   352568.0    
   218274.7    
   222230.5    
  -47723.56    
   88022.37    
   24423.28    
  -92055.04    
   295655.8    
   71647.73    
   457793.8    
   29735.92    
   69892.85    
   176943.9    
   140324.5    
   175994.0    
   131891.8    
   166722.8    
   236492.7    
   18456.35    
   10452.71    
   517653.2    
   131684.3    
   267829.5    
   172352.4    
   86657.84    
   19129.88    
   96436.08    
   176659.8    
   269285.1    
   246250.8    
   5939.385    
  -15277.20    
   41654.78    
   61266.60    
   231070.4    
   217482.9    
   312559.2    
   25539.01    
   60413.89    
   88492.52    
   176324.3    
   197460.2    
   196057.5    
   132754.2    
  -51073.00    
   487950.2    
   40338.54    
   120054.9    
   69268.90    
   124565.2    
  -4994.221    
   9278.196    
  -42104.84    
   18053.86    
   114325.4    
   42536.92    
   10660.60    
   41686.54    
   10319.69    
   151955.8    
   22787.52    
   143087.3    
   20087.17    
   8469.172    
  -1832.012    
   51220.39    
  -196882.2    
   15444.11    
  -184085.8    
   149162.6    
  -70339.89    
  -147474.4    
   29631.25    
   128068.5    
   133495.7    
   222916.6    
   29711.49    
  -23763.07    
  -30934.57    
   90745.41    
  0.0000000E+00
  -74860.82    
  -15432.46    
   123934.0    
   14761.10    
   111850.5    
  -35545.62    
  -35330.14    
  -162465.3    
   145219.3    
   10263.36    
  -172995.9    
  -24920.02    
  -107551.3    
  0.0000000E+00
   71256.52    
  -123375.4    
   137688.7    
   159318.7    
  0.0000000E+00
   60536.56    
  -39069.04    
  -162766.9    
   42690.02    
  -2696.122    
   900.8770    
  -6657.482    
  -121994.0    
   82293.79    
   3670.414    
  0.0000000E+00
   28847.17    
   63096.59    
   123427.5    
  0.0000000E+00
   30820.60    
   39635.57    
   88036.20    
   96202.70    
   154839.9    
   94680.44    
   17164.43    
   122685.3    
  -65176.50    
   29646.51    
   123497.3    
   16718.58    
  -7332.611    
  -9269.338    
   24130.26    
  -63151.23    
 
 year:        2007
  -26954.03    
   73204.97    
   174852.4    
   25250.90    
   88098.51    
   161806.7    
   299771.6    
  -43189.26    
   345999.2    
   214595.4    
   221955.6    
  -50240.60    
   89951.67    
   15613.78    
  -94604.55    
   293994.6    
   71916.70    
   451535.7    
   29666.18    
   69799.02    
   162642.0    
   137460.4    
   175435.7    
   125368.2    
   158315.3    
   231268.7    
   17807.49    
   8321.294    
   517936.6    
   132273.2    
   261301.2    
   166161.0    
   86009.06    
   18655.03    
   95992.44    
   172139.9    
   262290.6    
   234858.1    
   5911.916    
  -17698.98    
   41088.71    
   61165.08    
   228221.9    
   216290.7    
   303254.8    
   25534.51    
   54213.43    
   85943.20    
   175788.9    
   179061.3    
   192933.5    
   131132.7    
  -54066.11    
   480479.8    
   29127.73    
   112074.3    
   69185.79    
   116355.9    
  -8654.851    
   2716.662    
  -46853.25    
   17949.14    
   112740.2    
   42005.46    
  -2740.092    
   41548.97    
   10132.21    
   150813.6    
   21612.90    
   138908.5    
   15884.28    
   5501.234    
  -11905.36    
   37012.24    
  -209916.0    
   13907.55    
  -186643.0    
   145550.3    
  -76223.33    
  -150358.5    
   25589.13    
   120988.5    
   124766.0    
   207968.9    
   27182.36    
  -35282.25    
  -35027.11    
   89800.38    
  0.0000000E+00
  -75663.84    
  -15649.24    
   118402.4    
   14341.76    
   105649.5    
  -41710.66    
  -40721.91    
  -164922.2    
   144063.2    
   8963.968    
  -176042.5    
  -28422.01    
  -123168.7    
  0.0000000E+00
   67565.85    
  -134014.4    
   137539.7    
   146729.6    
  0.0000000E+00
   49447.39    
  -42555.28    
  -168557.7    
   41222.88    
  -1813.475    
   899.5857    
  -6704.812    
  -136714.2    
   79418.25    
   3287.956    
  0.0000000E+00
   28111.01    
   62052.88    
   122011.9    
  0.0000000E+00
   28361.05    
   38688.07    
   84294.30    
   93915.53    
   150985.9    
   72429.66    
   15857.54    
   121946.1    
  -74160.79    
   22708.81    
   103758.8    
   14905.07    
  -15064.43    
  -34390.13    
   18832.11    
  -70456.95    
 
 year:        2008
  -30883.53    
   60373.70    
   170546.4    
   25382.12    
   87728.19    
   162063.7    
   296635.9    
  -43739.58    
   341336.6    
   212233.6    
   221676.8    
  -51923.73    
   91246.30    
   8707.500    
  -96359.52    
   293052.5    
   71667.38    
   447063.5    
   29683.07    
   69839.13    
   152056.6    
   135619.3    
   175167.5    
   121058.7    
   151851.8    
   227495.6    
   17277.79    
   6683.266    
   518444.6    
   132872.5    
   256543.4    
   161644.5    
   85338.96    
   18462.59    
   95256.69    
   169187.3    
   257037.7    
   225998.0    
   5893.905    
  -19500.21    
   40548.42    
   61102.23    
   226439.3    
   215374.3    
   296036.0    
   25550.06    
   57124.87    
   83971.39    
   175253.1    
   166427.8    
   190480.3    
   129792.6    
  -56910.33    
   476523.5    
   33874.46    
   105929.9    
   69080.30    
   109916.8    
  -11652.00    
   6178.367    
  -49811.36    
   17866.16    
   111637.4    
   41395.14    
   4807.491    
   41492.44    
   10015.25    
   149818.0    
   20716.07    
   135775.6    
   13030.32    
   3538.844    
  -18639.43    
   26623.38    
  -218855.7    
   12825.65    
  -189091.6    
   143457.8    
  -80194.79    
  -152793.1    
   22743.29    
   115955.2    
   118634.7    
   197765.9    
   24990.15    
  -43522.45    
  -38029.12    
   88635.80    
  0.0000000E+00
  -76549.92    
  -15751.16    
   114138.2    
   14068.24    
   100672.9    
  -46359.57    
  -45520.23    
  -166891.8    
   142489.8    
   7340.940    
  -178619.2    
  -30789.32    
  -136222.3    
  0.0000000E+00
   64811.54    
  -141644.7    
   137383.2    
   136384.8    
  0.0000000E+00
   40891.39    
  -45166.05    
  -173392.4    
   40184.58    
  -1541.292    
   898.9422    
  -6816.391    
  -147678.3    
   77082.58    
   3031.949    
  0.0000000E+00
   27676.07    
   61642.21    
   120990.6    
  0.0000000E+00
   26638.28    
   38077.89    
   81250.89    
   92516.99    
   147839.0    
   56729.21    
   14859.13    
   121542.1    
  -80291.20    
   27442.70    
   112180.0    
   15383.37    
  -11101.17    
  -30251.93    
   22198.90    
  -67209.06    
 
 year:        2009
  -27309.55    
   69882.95    
   174192.8    
   26953.88    
   88311.69    
   159963.0    
   298501.5    
  -41861.68    
   340667.0    
   216934.6    
   222301.7    
  -43472.53    
   85533.03    
   36003.43    
  -91918.72    
   294262.5    
   75684.38    
   448864.0    
   29385.38    
   68863.80    
   169729.1    
   135782.4    
   174034.8    
   122049.1    
   149523.5    
   228732.1    
   18380.54    
   10486.58    
   513548.6    
   128931.3    
   257615.9    
   173759.9    
   88411.54    
   18296.87    
   99910.91    
   167821.5    
   257822.8    
   234271.5    
   5842.278    
  -12707.27    
   41935.97    
   60973.69    
   235315.5    
   208195.8    
   296844.6    
   25276.14    
   59279.47    
   83390.38    
   173716.7    
   178807.8    
   186592.8    
   135914.2    
  -39181.37    
   489876.6    
   37542.87    
   118657.1    
   69648.34    
   109797.5    
  -5169.027    
   7389.845    
  -34218.94    
   17451.58    
   115325.3    
   43579.64    
   12198.64    
   41260.34    
   10417.07    
   151245.9    
   20282.85    
   126343.0    
   13530.32    
   6707.672    
   11865.76    
   27689.85    
  -207637.0    
   15974.13    
  -176654.6    
   140489.7    
  -69020.05    
  -143668.4    
   26711.14    
   114313.9    
   123730.5    
   195170.1    
   34521.29    
  -46534.78    
  -36707.95    
   85851.72    
  0.0000000E+00
  -70861.22    
  -15759.34    
   114114.5    
   14087.63    
   100279.1    
  -30493.96    
  -50408.00    
  -169044.8    
   136395.8    
   9589.974    
  -164742.9    
  -23417.51    
  -114351.4    
  0.0000000E+00
   64754.85    
  -132515.3    
   136767.7    
   133307.9    
  0.0000000E+00
   39071.67    
  -45502.39    
  -170076.9    
   39690.81    
  -587.8267    
   897.5283    
  -6164.745    
  -142402.4    
   74697.43    
   3406.634    
  0.0000000E+00
   28273.15    
   62083.21    
   123912.9    
  0.0000000E+00
   24538.61    
   41423.61    
   79331.52    
   95441.66    
   147375.8    
   54225.86    
   15791.48    
   122786.7    
  -81398.96    
   27250.89    
   119664.7    
   15375.35    
  -10940.29    
  -40662.96    
   24588.05    
  -62659.12    
 
 year:        2010
  -30034.01    
   62905.58    
   169327.4    
   24508.08    
   87478.55    
   158913.8    
   294221.2    
  -42027.79    
   334624.1    
   213388.7    
   219414.0    
  -42906.73    
   84689.66    
   30778.44    
  -92613.88    
   293168.6    
   71355.49    
   444577.6    
   29158.60    
   68468.20    
   163686.0    
   133211.6    
   172966.9    
   118113.2    
   142135.4    
   223141.9    
   17865.98    
   7941.323    
   510040.3    
   127897.7    
   253809.3    
   167706.0    
   87832.75    
   17711.03    
   99200.62    
   164016.2    
   253805.1    
   224634.1    
   5804.684    
  -15048.57    
   40424.41    
   59936.61    
   230817.5    
   203610.5    
   292802.2    
   25160.79    
   55886.88    
   81887.62    
   172265.1    
   170499.8    
   182899.4    
   132910.5    
  -43679.30    
   475458.5    
   31087.00    
   115950.0    
   69406.83    
   104906.5    
  -5828.566    
   3749.131    
  -33256.15    
   17217.09    
   114399.4    
   43076.81    
   5390.632    
   41077.96    
   10272.68    
   148648.0    
   19616.67    
   121936.8    
   10851.26    
   4561.131    
  -419.7183    
   19596.27    
  -215067.5    
   15898.40    
  -177288.5    
   138184.4    
  -72129.59    
  -146217.5    
   23312.80    
   109757.1    
   115522.8    
   184760.7    
   30418.70    
  -50979.07    
  -38429.21    
   81739.68    
  0.0000000E+00
  -71951.15    
  -16026.74    
   111421.1    
   13944.55    
   95835.11    
  -31119.03    
  -54561.07    
  -171220.5    
   130907.0    
   5669.423    
  -166656.6    
  -24164.31    
  -126147.3    
  0.0000000E+00
   62325.97    
  -136336.6    
   135866.0    
   123984.7    
  0.0000000E+00
   32887.28    
  -47613.91    
  -173995.8    
   38720.07    
  -466.5502    
   895.6418    
  -6090.762    
  -147665.4    
   72732.47    
   3281.178    
  0.0000000E+00
   27848.77    
   60676.27    
   123740.7    
  0.0000000E+00
   23018.21    
   40952.11    
   76946.95    
   93602.36    
   145229.5    
   43045.99    
   13772.59    
   121977.4    
  -86693.30    
   24168.93    
   109001.7    
   14321.51    
  -15920.94    
  -52635.27    
   22172.03    
  -65697.32    
 
 year:        2011
  -39103.81    
   33955.98    
   157943.3    
   18131.34    
   85848.91    
   160771.6    
   285395.5    
  -44594.11    
   325684.4    
   202661.6    
   215296.1    
  -52892.70    
   90712.89    
  -11039.57    
  -100706.6    
   290306.2    
   61187.32    
   434522.4    
   29338.01    
   69411.87    
   130667.1    
   129361.6    
   173252.6    
   109653.1    
   132392.6    
   212805.3    
   15621.62    
  -227.4396    
   512321.8    
   131688.2    
   243988.3    
   145058.5    
   81897.34    
   17280.10    
   91397.98    
   159464.3    
   245806.0    
   197311.6    
   5812.396    
  -27550.59    
   36912.32    
   58921.74    
   213759.2    
   204625.5    
   281798.4    
   25431.16    
   57498.02    
   79418.41    
   171999.3    
   138255.8    
   182090.4    
   121069.6    
  -71541.88    
   442225.0    
   34560.77    
   94390.20    
   68417.58    
   95344.16    
  -15570.50    
   8124.813    
  -52212.31    
   17327.62    
   108917.0    
   38612.23    
   9295.020    
   41274.65    
   9666.889    
   142848.7    
   18170.12    
   126489.1    
   5792.733    
  -3875.607    
  -53950.48    
   1759.733    
  -243647.0    
   11907.68    
  -195709.4    
   138552.3    
  -89346.20    
  -162016.0    
   14229.64    
   102664.2    
   95321.31    
   169443.3    
   10646.32    
  -58307.07    
  -43411.96    
   78745.51    
  0.0000000E+00
  -82395.55    
  -16288.23    
   104851.8    
   13615.41    
   88183.01    
  -51566.90    
  -57623.36    
  -172559.6    
   130305.7    
  -2966.824    
  -186931.4    
  -34228.69    
  -175713.8    
  0.0000000E+00
   57805.25    
  -160690.2    
   135335.4    
   109878.8    
  0.0000000E+00
   22317.38    
  -51063.93    
  -185913.5    
   37749.04    
  -2870.049    
   895.8648    
  -7073.469    
  -166933.1    
   71596.74    
   2596.248    
  0.0000000E+00
   26883.11    
   58769.95    
   119860.4    
  0.0000000E+00
   22590.05    
   35152.63    
   74498.19    
   87370.63    
   141453.3    
   22741.09    
   8950.104    
   119406.2    
  -96872.54    
   26395.77    
   112480.4    
   14695.72    
  -9539.799    
  -50007.62    
   22962.62    
  -65335.06    
 
 year:        2012
  -29660.14    
   61209.62    
   175011.2    
   30033.69    
   88741.79    
   160912.1    
   298690.7    
  -42009.77    
   340565.8    
   217442.7    
   224477.0    
  -44903.52    
   87300.98    
   37034.46    
  -92314.76    
   294120.3    
   80328.70    
   444588.4    
   29529.19    
   69157.41    
   164815.3    
   134766.6    
   174168.3    
   119883.0    
   140625.1    
   227926.5    
   18110.62    
   11719.72    
   516588.0    
   130111.2    
   252000.9    
   175103.9    
   89071.00    
   18734.20    
   100384.3    
   167000.3    
   250543.8    
   224152.7    
   5802.923    
  -11984.35    
   43136.87    
   61624.98    
   239293.2    
   209098.9    
   286985.5    
   25384.01    
   54739.44    
   80703.86    
   172890.6    
   171693.3    
   183684.7    
   138159.0    
  -35512.82    
   499424.2    
   27454.65    
   115060.4    
   69877.71    
   101813.3    
  -8777.985    
   1127.349    
  -36828.83    
   17283.29    
   115134.4    
   43466.06    
   2240.735    
   41284.09    
   10455.82    
   152640.0    
   19023.36    
   122216.8    
   12006.14    
   6739.642    
   19918.45    
   19624.39    
  -210024.8    
   15214.10    
  -177333.2    
   139309.2    
  -70636.01    
  -143053.8    
   25279.06    
   109768.7    
   120736.3    
   186030.5    
   36033.93    
  -55105.62    
  -39865.31    
   86184.08    
  0.0000000E+00
  -69586.73    
  -15717.84    
   109377.3    
   13845.40    
   93759.86    
  -33833.72    
  -59384.12    
  -170516.5    
   134726.4    
   11087.95    
  -163867.0    
  -24430.04    
  -123582.4    
  0.0000000E+00
   62282.36    
  -140351.3    
   137171.2    
   117319.1    
  0.0000000E+00
   27153.52    
  -48522.45    
  -175906.0    
   38710.73    
  -368.7752    
   897.6791    
  -6286.205    
  -154017.3    
   70977.50    
   3259.679    
  0.0000000E+00
   28172.88    
   62297.67    
   123277.4    
  0.0000000E+00
   22579.05    
   41477.07    
   74005.92    
   95322.12    
   142433.6    
   40339.70    
   16240.06    
   123027.7    
  -91465.55    
   23992.90    
   105190.4    
   13592.99    
  -19297.38    
  -61376.07    
   20550.67    
  -68207.20    
 
 year:        2013
  -33968.24    
   54120.03    
   165955.1    
   22843.11    
   87107.09    
   158515.9    
   291219.5    
  -42219.44    
   329488.6    
   211420.2    
   218268.8    
  -42877.37    
   84283.51    
   27560.38    
  -93573.20    
   292645.5    
   69664.69    
   439272.6    
   29105.07    
   68296.30    
   156591.9    
   130501.8    
   172398.5    
   114685.1    
   131637.1    
   218724.6    
   17287.37    
   6551.125    
   509078.4    
   127432.7    
   247786.4    
   164675.6    
   86993.80    
   17417.16    
   98546.37    
   160996.9    
   247661.6    
   212207.2    
   5756.699    
  -16704.53    
   39537.39    
   59484.56    
   228668.1    
   199917.5    
   284676.0    
   25098.50    
   57229.95    
   79268.23    
   170737.1    
   161717.8    
   178477.6    
   131144.1    
  -46359.44    
   470196.1    
   33247.11    
   112121.4    
   69241.56    
   97247.09    
  -8139.513    
   6571.856    
  -33248.70    
   16928.64    
   114064.5    
   42314.88    
   11098.43    
   40980.23    
   10231.26    
   146723.3    
   18314.86    
   116001.2    
   8475.261    
   2914.250    
  -5186.112    
   9983.214    
  -221915.5    
   15682.74    
  -178315.8    
   136567.8    
  -73390.07    
  -147634.6    
   21146.66    
   104171.2    
   109334.0    
   173653.9    
   26917.76    
  -57517.94    
  -41025.39    
   77879.94    
  0.0000000E+00
  -73261.46    
  -16128.70    
   107071.6    
   13759.25    
   89347.70    
  -32352.20    
  -61953.79    
  -173657.4    
   125979.6    
   2783.115    
  -167810.0    
  -24666.77    
  -138149.0    
  0.0000000E+00
   59329.80    
  -142449.6    
   135177.4    
   108077.2    
  0.0000000E+00
   22609.76    
  -50324.76    
  -180304.9    
   37584.20    
  -487.3878    
   894.5695    
  -6073.710    
  -157051.8    
   69288.02    
   3159.587    
  0.0000000E+00
   27662.71    
   60350.08    
   123514.8    
  0.0000000E+00
   21044.34    
   40528.28    
   72552.42    
   92414.05    
   141390.8    
   28131.02    
   12134.51    
   121647.1    
  -96345.88    
   25055.74    
   113856.4    
   14103.89    
  -12211.26    
  -62788.50    
   24053.43    
  -62926.61    
 
 year:        2014
  -33762.35    
   51515.59    
   167692.2    
   25017.08    
   87398.70    
   159737.5    
   292293.8    
  -42467.17    
   331879.4    
   211378.7    
   219522.1    
  -44918.19    
   86447.27    
   24881.60    
  -94351.90    
   292497.7    
   71920.54    
   438148.4    
   29245.93    
   68743.29    
   154638.6    
   131113.6    
   172783.0    
   114491.0    
   130306.0    
   219884.5    
   17105.52    
   6967.433    
   511539.9    
   129159.0    
   246078.3    
   163915.2    
   86942.32    
   17933.24    
   98112.54    
   161886.3    
   245425.6    
   208445.7    
   5755.238    
  -16861.02    
   40453.63    
   59822.73    
   230313.3    
   202781.7    
   281664.7    
   25262.33    
   57798.05    
   78854.43    
   170925.2    
   159158.6    
   178974.0    
   132197.4    
  -45752.08    
   474358.2    
   32682.41    
   109751.5    
   69382.65    
   95617.99    
  -10421.59    
   6299.072    
  -37061.99    
   16966.57    
   113360.7    
   42027.27    
   12042.25    
   41107.85    
   10202.78    
   148044.4    
   17951.19    
   117752.9    
   8478.320    
   2791.000    
  -5203.207    
   9136.201    
  -222921.0    
   14927.37    
  -180736.8    
   137052.2    
  -76211.72    
  -149139.3    
   20264.35    
   103914.5    
   107765.4    
   172609.6    
   26765.14    
  -59344.98    
  -41917.76    
   79787.38    
  0.0000000E+00
  -73073.61    
  -16102.51    
   106105.9    
   13706.75    
   88017.44    
  -36233.18    
  -63515.33    
  -173158.5    
   126537.4    
   4214.494    
  -169714.2    
  -26165.54    
  -144876.3    
  0.0000000E+00
   59153.77    
  -147809.0    
   135798.6    
   105331.1    
  0.0000000E+00
   19663.48    
  -50927.08    
  -182224.7    
   37631.94    
  -935.5689    
   895.4556    
  -6338.271    
  -160846.8    
   68793.62    
   3080.707    
  0.0000000E+00
   27673.06    
   60327.21    
   122811.1    
  0.0000000E+00
   21016.93    
   39871.64    
   71387.41    
   92320.77    
   140153.4    
   27130.77    
   12736.71    
   121598.8    
  -97932.74    
   25510.38    
   113114.6    
   13973.44    
  -13446.46    
  -64217.97    
   23837.67    
  -63230.79    
 
 year:        2015
  -36094.71    
   47906.50    
   164102.8    
   22142.09    
   86936.10    
   159035.5    
   289607.3    
  -42667.63    
   327901.7    
   209265.4    
   217666.5    
  -44661.72    
   85518.10    
   20381.77    
  -95159.41    
   291995.9    
   68244.80    
   435768.6    
   29143.16    
   68511.02    
   150286.6    
   129255.6    
   172331.2    
   112519.2    
   126331.8    
   216176.1    
   16756.29    
   5308.504    
   509653.3    
   128273.0    
   243943.3    
   160779.6    
   85953.30    
   17463.88    
   96948.88    
   159741.8    
   243997.7    
   202808.2    
   5736.964    
  -18931.82    
   39018.50    
   59293.81    
   226365.7    
   199673.2    
   279781.6    
   25173.92    
   56656.68    
   78024.40    
   170136.6    
   154772.2    
   176963.1    
   129221.5    
  -50839.13    
   464523.3    
   31849.22    
   107794.9    
   69100.03    
   93265.25    
  -10876.44    
   6510.273    
  -36641.80    
   16841.42    
   113009.7    
   41436.41    
   10084.84    
   41016.45    
   10125.37    
   145717.6    
   17552.43    
   115412.8    
   7253.234    
   1118.992    
  -14088.22    
   5016.548    
  -227477.5    
   14934.13    
  -182047.0    
   136335.9    
  -76883.84    
  -150674.1    
   18950.95    
   101366.0    
   103895.0    
   167891.5    
   23124.23    
  -60787.12    
  -42572.78    
   76870.21    
  0.0000000E+00
  -74977.00    
  -16208.90    
   104870.6    
   13658.26    
   85947.06    
  -36400.79    
  -65166.98    
  -174271.3    
   123896.0    
   1181.829    
  -171334.3    
  -26542.38    
  -151100.8    
  0.0000000E+00
   57900.43    
  -149673.2    
   135057.0    
   100015.7    
  0.0000000E+00
   17023.90    
  -51665.45    
  -184639.8    
   37193.37    
  -1309.379    
   894.5015    
  -6308.396    
  -163255.4    
   67904.58    
   3016.226    
  0.0000000E+00
   27505.05    
   59732.18    
   122772.3    
  0.0000000E+00
   20469.23    
   39359.32    
   70445.65    
   91103.94    
   139385.5    
   21576.84    
   11120.36    
   121217.4    
  -100938.9    
   24266.90    
   112147.8    
   13748.73    
  -12768.61    
  -68925.42    
   23784.91    
  -63326.85    
 
 year:        2016
  -34271.66    
   50968.09    
   168194.7    
   25528.84    
   87515.45    
   159783.2    
   292682.6    
  -42396.30    
   331970.1    
   211821.2    
   219988.3    
  -44736.29    
   86405.57    
   26365.85    
  -94136.59    
   292581.9    
   73043.99    
   436881.3    
   29262.50    
   68762.34    
   154654.1    
   130635.8    
   172771.3    
   114346.4    
   126969.9    
   219844.9    
   17002.75    
   7400.979    
   511945.1    
   129121.9    
   244454.6    
   164933.0    
   87220.30    
   17966.97    
   98330.52    
   161965.2    
   243560.8    
   205091.5    
   5740.740    
  -16410.03    
   40727.38    
   59879.08    
   231335.0    
   202498.9    
   278877.1    
   25261.94    
   55781.05    
   78142.05    
   170519.3    
   158992.4    
   177531.2    
   132821.0    
  -44313.69    
   476716.3    
   29331.60    
   109686.7    
   69445.37    
   93698.01    
  -11256.47    
   4351.950    
  -36715.78    
   16867.42    
   113624.8    
   42046.11    
   7870.634    
   41116.68    
   10238.35    
   148210.6    
   17528.51    
   116181.1    
   8421.838    
   3179.165    
  -2194.975    
   8012.087    
  -222323.7    
   14973.75    
  -180312.9    
   136961.6    
  -75643.88    
  -148481.9    
   20410.98    
   102894.1    
   107869.0    
   170694.4    
   27109.63    
  -60825.65    
  -42366.65    
   79290.52    
  0.0000000E+00
  -72656.94    
  -16079.71    
   105327.5    
   13676.90    
   86292.44    
  -36093.16    
  -65656.88    
  -173564.8    
   125519.2    
   4630.305    
  -168744.8    
  -25895.55    
  -146089.7    
  0.0000000E+00
   58672.50    
  -149031.7    
   135758.1    
   100062.9    
  0.0000000E+00
   16564.18    
  -51435.89    
  -184020.4    
   37449.08    
  -912.8763    
   895.5600    
  -6304.863    
  -162947.1    
   67682.70    
   3088.818    
  0.0000000E+00
   27705.93    
   60490.67    
   122900.4    
  0.0000000E+00
   20586.55    
   40065.73    
   69826.94    
   92485.07    
   138955.3    
   24594.04    
   12674.12    
   121747.8    
  -100833.1    
   24136.07    
   108916.7    
   13350.00    
  -15737.30    
  -71192.64    
   22811.15    
  -64832.26    
 
 year:        2017
  -37418.24    
   42571.63    
   163488.5    
   21256.11    
   86811.41    
   159916.1    
   288793.8    
  -43084.83    
   327483.3    
   207696.0    
   217568.9    
  -46802.32    
   87220.08    
   12922.46    
  -97090.70    
   291612.5    
   67414.44    
   433248.5    
   29232.97    
   68950.48    
   144858.8    
   128839.5    
   172613.9    
   111078.5    
   122769.2    
   214882.5    
   16248.29    
   4226.635    
   510992.9    
   129593.8    
   240527.1    
   157083.0    
   84566.54    
   17643.07    
   95253.52    
   159513.9    
   241223.3    
   195584.2    
   5732.889    
  -20780.53    
   39034.87    
   59168.93    
   224450.2    
   200566.2    
   275586.8    
   25309.59    
   56360.36    
   77254.28    
   170043.6    
   148768.9    
   176707.9    
   128069.9    
  -54707.09    
   462201.7    
   31084.88    
   103466.5    
   69041.55    
   90563.02    
  -13511.38    
   6429.658    
  -40690.97    
   16814.55    
   112052.4    
   40234.21    
   10462.21    
   41172.83    
   10053.26    
   145408.9    
   16700.84    
   116288.7    
   6560.638    
  -646.4859    
  -21772.36    
   1592.804    
  -233222.0    
   14132.14    
  -186717.6    
   136851.5    
  -80308.09    
  -153798.4    
   17543.52    
   99772.21    
   99673.23    
   164396.5    
   19504.43    
  -62949.77    
  -43677.82    
   76754.95    
  0.0000000E+00
  -77158.05    
  -16212.70    
   102996.4    
   13592.05    
   83610.44    
  -40788.71    
  -68580.23    
  -174444.1    
   123082.3    
   204.9730    
  -175585.3    
  -28397.95    
  -162814.5    
  0.0000000E+00
   57052.91    
  -156505.8    
   135202.8    
   94798.45    
  0.0000000E+00
   13269.70    
  -52476.18    
  -188315.5    
   37120.31    
  -2272.551    
   895.3627    
  -6592.637    
  -168528.8    
   67111.81    
   2901.417    
  0.0000000E+00
   27464.00    
   59713.68    
   121996.1    
  0.0000000E+00
   20278.29    
   37777.26    
   69068.28    
   90355.86    
   138015.9    
   17402.61    
   10463.47    
   120783.0    
  -104950.4    
   23963.08    
   110628.4    
   13492.74    
  -12997.46    
  -72692.02    
   23909.56    
  -64207.55    
 
 year:        2018
  -37929.26    
   40644.58    
   164146.2    
   22629.40    
   87038.55    
   160612.8    
   289897.2    
  -43318.57    
   328889.3    
   208191.4    
   218651.4    
  -48323.17    
   88419.71    
   11299.99    
  -97452.08    
   291723.0    
   69086.77    
   432914.4    
   29363.92    
   69159.09    
   142648.3    
   129049.2    
   173022.5    
   111566.8    
   122330.2    
   216056.1    
   16145.82    
   4640.445    
   513183.7    
   130519.7    
   240025.2    
   157560.8    
   84570.88    
   17846.90    
   95072.78    
   160502.6    
   240395.2    
   194063.3    
   5743.115    
  -20966.29    
   39425.47    
   59650.52    
   225318.3    
   202806.7    
   274025.4    
   25389.08    
   56998.32    
   76982.02    
   170386.8    
   147630.4    
   177229.0    
   128400.2    
  -54874.91    
   466197.5    
   31680.00    
   101701.1    
   69045.46    
   89842.71    
  -15056.38    
   7647.342    
  -43515.38    
   16876.68    
   111812.5    
   40101.22    
   10544.57    
   41254.93    
   10062.05    
   146029.8    
   16592.88    
   117607.8    
   6846.554    
  -172.9500    
  -20644.42    
   1687.241    
  -232803.7    
   13607.97    
  -188097.5    
   137554.3    
  -81058.98    
  -154042.3    
   17716.98    
   100126.9    
   100981.4    
   165334.6    
   19649.71    
  -63505.60    
  -44088.87    
   78029.65    
  0.0000000E+00
  -77141.99    
  -16130.01    
   102750.0    
   13572.39    
   83244.33    
  -43284.05    
  -69308.69    
  -174019.6    
   125187.4    
   1272.493    
  -176447.7    
  -29328.24    
  -164317.6    
  0.0000000E+00
   57062.83    
  -158828.8    
   135523.6    
   93318.88    
  0.0000000E+00
   12044.64    
  -52570.74    
  -189256.5    
   37192.89    
  -2200.889    
   896.1207    
  -6695.260    
  -170601.0    
   66951.02    
   2851.666    
  0.0000000E+00
   27502.55    
   60129.35    
   121546.8    
  0.0000000E+00
   20479.62    
   37738.02    
   68614.51    
   90381.05    
   137455.5    
   17074.06    
   10813.47    
   120984.4    
  -105418.5    
   26542.26    
   112989.1    
   13646.00    
  -10666.72    
  -68493.61    
   24139.97    
  -63397.32    
 
 year:        2019
  -37117.57    
   42579.58    
   167273.0    
   26418.92    
   87571.79    
   161297.0    
   292770.8    
  -43321.59    
   332759.7    
   210819.0    
   221159.3    
  -49280.55    
   89667.52    
   15668.38    
  -96188.87    
   292296.7    
   73887.65    
   434156.4    
   29527.20    
   69408.45    
   144484.9    
   130185.8    
   173592.6    
   113692.1    
   123557.3    
   219867.8    
   16355.62    
   6530.570    
   516264.5    
   131466.4    
   241418.1    
   161383.0    
   86159.97    
   18259.66    
   96598.70    
   162941.2    
   240174.2    
   196993.4    
   5749.133    
  -18823.30    
   40736.41    
   60530.73    
   229576.4    
   206680.8    
   273596.0    
   25426.56    
   56367.98    
   77053.26    
   171049.9    
   151371.5    
   177860.4    
   131358.7    
  -50564.03    
   478281.2    
   29295.28    
   102323.0    
   69261.16    
   90284.80    
  -16216.57    
   6381.658    
  -45121.56    
   16972.29    
   112173.9    
   41097.87    
   8763.936    
   41241.83    
   10114.74    
   148311.4    
   16964.74    
   119097.0    
   7977.780    
   2306.171    
  -9904.892    
   4834.266    
  -227462.9    
   13256.40    
  -185768.8    
   138370.7    
  -80068.10    
  -151809.3    
   19134.79    
   101792.8    
   106543.2    
   169532.1    
   23619.39    
  -63215.63    
  -44020.26    
   80782.45    
  0.0000000E+00
  -74686.62    
  -15961.59    
   103627.1    
   13584.46    
   83731.00    
  -44497.28    
  -68079.17    
  -173061.8    
   128585.9    
   4617.422    
  -174342.1    
  -29391.04    
  -159421.2    
  0.0000000E+00
   57859.91    
  -158160.5    
   136268.8    
   93563.80    
  0.0000000E+00
   11969.04    
  -52256.42    
  -188568.5    
   37330.62    
  -998.0245    
   896.4827    
  -6747.801    
  -170815.1    
   67001.56    
   2876.441    
  0.0000000E+00
   27541.69    
   61109.74    
   121345.6    
  0.0000000E+00
   20868.65    
   38988.52    
   68292.41    
   91553.07    
   137160.5    
   20251.38    
   12575.64    
   121648.7    
  -104123.3    
   26914.55    
   109587.0    
   13518.10    
  -11846.78    
  -66747.22    
   23811.58    
  -64119.15    
 
 year:        2020
  -37173.75    
   44388.52    
   165598.6    
   22706.86    
   87161.69    
   160046.1    
   290798.9    
  -42874.49    
   329272.5    
   209927.2    
   219046.8    
  -46389.22    
   87081.23    
   17962.57    
  -96070.05    
   292226.9    
   70141.76    
   433454.2    
   29323.74    
   69013.90    
   147306.7    
   129139.7    
   172928.1    
   112533.6    
   121248.5    
   216915.0    
   16361.74    
   5663.968    
   512349.9    
   129599.0    
   240585.4    
   160883.1    
   85471.15    
   17841.07    
   96282.01    
   160943.3    
   240572.5    
   196690.5    
   5724.277    
  -19024.12    
   39873.55    
   59682.34    
   227557.1    
   201726.8    
   274028.4    
   25310.90    
   55353.96    
   76857.16    
   170144.4    
   152248.3    
   175759.8    
   130145.1    
  -51160.99    
   471302.2    
   29150.09    
   104847.8    
   69184.35    
   90049.53    
  -14042.82    
   4655.929    
  -39863.10    
   16766.95    
   112873.8    
   40720.69    
   8168.240    
   41182.21    
   10158.90    
   146558.2    
   16546.36    
   115403.9    
   7367.668    
   1008.359    
  -12253.32    
   3181.569    
  -229431.3    
   14351.36    
  -184701.7    
   137443.6    
  -77707.24    
  -151530.8    
   19318.99    
   100338.2    
   104117.7    
   166189.2    
   21892.62    
  -62792.10    
  -43489.30    
   77243.97    
  0.0000000E+00
  -75675.13    
  -16066.79    
   103245.6    
   13613.53    
   83152.70    
  -39497.77    
  -69970.35    
  -174299.2    
   124166.3    
   1925.387    
  -173106.1    
  -27393.35    
  -157493.8    
  0.0000000E+00
   57376.39    
  -154909.9    
   135463.2    
   91882.30    
  0.0000000E+00
   11924.87    
  -52324.64    
  -188892.5    
   37149.16    
  -1792.776    
   895.7117    
  -6523.820    
  -168775.2    
   66387.40    
   2981.212    
  0.0000000E+00
   27661.75    
   60738.41    
   122293.3    
  0.0000000E+00
   20220.07    
   38784.65    
   68057.62    
   91499.65    
   137514.2    
   17984.16    
   11383.56    
   121389.6    
  -105406.9    
   24510.66    
   109251.8    
   13203.96    
  -13697.04    
  -75252.02    
   22377.79    
  -64901.20    
 
 year:        2021
  -36614.23    
   48174.29    
   165704.6    
   23136.25    
   87220.02    
   159349.6    
   291118.1    
  -42463.54    
   328885.6    
   210511.5    
   218658.4    
  -44247.56    
   85469.66    
   24276.71    
  -94817.44    
   292383.1    
   70268.76    
   433767.8    
   29206.99    
   68608.99    
   151520.8    
   128710.3    
   172446.8    
   113037.4    
   120165.5    
   217292.2    
   16608.69    
   6311.801    
   510602.4    
   128473.1    
   240967.0    
   163173.3    
   86150.66    
   17686.96    
   97521.49    
   160389.7    
   240678.9    
   198032.4    
   5709.409    
  -17689.10    
   39757.08    
   59452.91    
   229003.7    
   199896.6    
   274616.4    
   25200.82    
   55929.81    
   76768.66    
   169592.4    
   155906.4    
   174348.3    
   130939.2    
  -47701.55    
   471471.5    
   29964.54    
   108219.1    
   69231.04    
   90216.47    
  -12591.18    
   5465.183    
  -35825.44    
   16655.64    
   113560.3    
   41408.38    
   10092.78    
   41069.92    
   10226.46    
   146550.0    
   16680.04    
   112983.4    
   7481.852    
   1999.753    
  -6881.522    
   4344.283    
  -225995.2    
   15124.25    
  -181356.2    
   136571.0    
  -75410.72    
  -149282.5    
   19872.98    
   100361.5    
   105503.7    
   165816.2    
   23845.10    
  -62275.17    
  -43045.39    
   76308.06    
  0.0000000E+00
  -74374.92    
  -16130.42    
   103853.3    
   13642.02    
   83270.29    
  -35708.15    
  -69586.08    
  -174668.3    
   122165.1    
   2052.020    
  -170082.1    
  -25747.47    
  -151860.0    
  0.0000000E+00
   57492.84    
  -151050.1    
   135179.7    
   91182.69    
  0.0000000E+00
   11792.39    
  -52272.02    
  -188086.6    
   37036.35    
  -1201.130    
   894.9437    
  -6259.825    
  -166417.1    
   65926.73    
   3073.889    
  0.0000000E+00
   27721.38    
   60442.48    
   122997.9    
  0.0000000E+00
   19880.44    
   39731.52    
   67721.33    
   91892.28    
   137603.2    
   18643.39    
   11633.02    
   121551.1    
  -104987.5    
   24062.66    
   111040.6    
   13204.28    
  -12777.46    
  -78113.86    
   22457.29    
  -63634.79    
 
 year:        2022
  -35954.19    
   46664.53    
   168186.3    
   26740.34    
   87604.93    
   160473.0    
   292946.9    
  -42749.07    
   332451.0    
   211720.2    
   220572.2    
  -46626.98    
   87847.88    
   22562.03    
  -94680.16    
   292455.1    
   73703.24    
   433785.3    
   29390.08    
   69074.96    
   150250.7    
   129807.4    
   173039.0    
   113955.6    
   120981.3    
   219608.6    
   16553.96    
   7207.658    
   513889.5    
   130207.5    
   241316.7    
   163703.6    
   87195.78    
   18205.84    
   97657.06    
   162475.2    
   239635.0    
   197235.7    
   5721.587    
  -17231.45    
   40903.45    
   60103.88    
   231406.3    
   204169.3    
   273380.9    
   25345.28    
   56045.20    
   76789.37    
   170246.8    
   155527.3    
   175521.5    
   132628.2    
  -46051.98    
   478602.6    
   28780.59    
   106526.5    
   69391.99    
   89977.18    
  -14705.82    
   4772.326    
  -40262.46    
   16777.05    
   113052.1    
   41776.67    
   9322.841    
   41166.34    
   10204.72    
   148379.5    
   16902.11    
   116104.9    
   8081.796    
   3070.348    
  -4343.739    
   5818.558    
  -223810.1    
   14284.76    
  -182260.7    
   137553.9    
  -77483.45    
  -149917.7    
   19718.50    
   101308.7    
   106820.5    
   167970.0    
   25751.85    
  -62866.18    
  -43470.95    
   79191.62    
  0.0000000E+00
  -72922.22    
  -16034.40    
   104211.9    
   13619.92    
   83222.96    
  -39773.90    
  -68877.41    
  -173600.7    
   125392.9    
   4752.773    
  -170620.4    
  -27241.52    
  -154190.4    
  0.0000000E+00
   57930.48    
  -154921.7    
   135993.8    
   91180.58    
  0.0000000E+00
   10801.95    
  -52285.44    
  -188279.5    
   37241.49    
  -1029.455    
   895.8742    
  -6527.932    
  -168763.5    
   66087.35    
   3010.798    
  0.0000000E+00
   27729.63    
   60828.22    
   122267.3    
  0.0000000E+00
   20310.41    
   39977.52    
   67379.91    
   92153.72    
   137051.1    
   20689.66    
   12716.46    
   121728.9    
  -104661.8    
   25543.49    
   109438.4    
   13156.88    
  -14154.94    
  -74016.46    
   23278.47    
  -64279.44    
 
