Irrigation Pumping File for SWAT-MODFLOW
Irrigation Pumping File for SWAT-MODFLOW
0
Sub	Row	Column	Lay	HRU_ID
136	40	80	1	83
136	40	80	1	78
90	106	92	1	1311
90	106	92	1	1308
129	60	108	1	195
129	60	108	1	193
16	88	67	1	913
16	88	67	1	912
55	34	90	1	94
55	34	90	1	90
22	71	61	1	602
22	71	61	1	597
38	57	87	1	228
38	57	87	1	224
89	105	83	1	1254
89	105	83	1	1249
29	87	52	1	845
29	87	52	1	842
109	77	88	1	688
109	77	88	1	684
89	103	82	1	1254
89	103	82	1	1249
91	101	84	1	1093
91	101	84	1	1090
139	20	85	1	10
139	20	85	1	5
100	82	41	1	944
100	82	41	1	942
25	57	71	1	337
25	57	71	1	335
55	36	93	1	94
55	36	93	1	90
89	110	82	1	1254
89	110	82	1	1249
35	65	61	1	392
35	65	61	1	391
17	118	71	1	1295
17	118	71	1	1293
25	63	67	1	337
25	63	67	1	335
134	45	68	1	107
134	45	68	1	106
97	105	48	1	1192
97	105	48	1	1189
106	82	25	1	956
106	82	25	1	955
31	94	102	1	1056
31	94	102	1	1055
137	29	108	1	36
137	29	108	1	32
14	114	72	1	1228
14	114	72	1	1226
17	114	83	1	1295
17	114	83	1	1293
15	97	70	1	1122
15	97	70	1	1117
31	88	106	1	1056
31	88	106	1	1055
17	118	76	1	1295
17	118	76	1	1293
14	116	71	1	1228
14	116	71	1	1226
137	34	108	1	36
137	34	108	1	32
130	48	66	1	177
130	48	66	1	176
127	55	65	1	240
127	55	65	1	235
35	68	62	1	392
35	68	62	1	391
26	101	100	1	1104
26	101	100	1	1103
17	122	75	1	1295
17	122	75	1	1293
17	112	84	1	1295
17	112	84	1	1293
118	58	20	1	366
118	58	20	1	365
67	67	39	1	587
67	67	39	1	586
45	81	104	1	619
45	81	104	1	611
21	106	58	1	1280
21	106	58	1	1277
17	119	81	1	1295
17	119	81	1	1293
132	49	106	1	164
132	49	106	1	158
107	75	74	1	658
107	75	74	1	652
109	77	94	1	688
109	77	94	1	684
102	85	83	1	862
102	85	83	1	861
99	94	47	1	1046
99	94	47	1	1043
21	104	59	1	1280
21	104	59	1	1277
97	104	47	1	1192
97	104	47	1	1189
26	105	92	1	1104
26	105	92	1	1103
31	91	101	1	1056
31	91	101	1	1055
129	51	114	1	195
129	51	114	1	193
25	67	65	1	337
25	67	65	1	335
108	87	111	1	673
108	87	111	1	667
107	92	69	1	658
107	92	69	1	652
37	83	106	1	897
37	83	106	1	896
120	64	35	1	510
120	64	35	1	507
21	109	60	1	1280
21	109	60	1	1277
104	80	20	1	880
104	80	20	1	873
34	79	52	1	770
34	79	52	1	764
29	90	54	1	845
29	90	54	1	842
53	80	39	1	751
53	80	39	1	750
103	85	120	1	977
103	85	120	1	975
136	38	74	1	83
136	38	74	1	78
134	51	49	1	107
134	51	49	1	106
102	99	84	1	862
102	99	84	1	861
122	68	24	1	468
122	68	24	1	464
132	54	92	1	164
132	54	92	1	158
45	79	106	1	619
45	79	106	1	611
14	109	70	1	1228
14	109	70	1	1226
21	117	65	1	1280
21	117	65	1	1277
17	120	71	1	1295
17	120	71	1	1293
90	109	86	1	1311
90	109	86	1	1308
123	70	80	1	496
123	70	80	1	494
121	65	47	1	479
121	65	47	1	478
31	94	101	1	1056
31	94	101	1	1055
14	115	70	1	1228
14	115	70	1	1226
60	35	96	1	52
60	35	96	1	46
122	64	20	1	468
122	64	20	1	464
113	77	45	1	713
113	77	45	1	712
48	69	105	1	646
48	69	105	1	640
17	119	71	1	1295
17	119	71	1	1293
59	92	112	1	1032
59	92	112	1	1026
116	74	108	1	526
116	74	108	1	520
89	102	82	1	1254
89	102	82	1	1249
53	85	28	1	751
53	85	28	1	750
112	79	15	1	817
112	79	15	1	816
122	72	17	1	468
122	72	17	1	464
108	81	119	1	673
108	81	119	1	667
55	38	93	1	94
55	38	93	1	90
14	114	71	1	1228
14	114	71	1	1226
90	110	97	1	1311
90	110	97	1	1308
53	84	30	1	751
53	84	30	1	750
37	86	101	1	897
37	86	101	1	896
53	80	45	1	751
53	80	45	1	750
127	60	61	1	240
127	60	61	1	235
3	174	33	1	1893
3	174	33	1	1892
4	164	37	1	1841
4	164	37	1	1838
92	97	33	1	1200
92	97	33	1	1199
4	161	44	1	1841
4	161	44	1	1838
33	156	44	1	1819
33	156	44	1	1813
9	146	58	1	1661
9	146	58	1	1660
2	179	26	1	1937
2	179	26	1	1936
79	128	68	1	1607
79	128	68	1	1606
83	133	60	1	1479
83	133	60	1	1475
9	144	60	1	1661
9	144	60	1	1660
88	105	23	1	1265
88	105	23	1	1264
92	105	40	1	1200
92	105	40	1	1199
2	176	30	1	1937
2	176	30	1	1936
10	132	65	1	1535
10	132	65	1	1534
9	141	60	1	1661
9	141	60	1	1660
1	194	18	1	1983
1	194	18	1	1982
85	125	34	1	1354
85	125	34	1	1352
84	123	27	1	1411
84	123	27	1	1410
7	151	49	1	1761
7	151	49	1	1753
7	150	51	1	1761
7	150	51	1	1753
10	131	65	1	1535
10	131	65	1	1534
2	176	28	1	1937
2	176	28	1	1936
56	113	36	1	1382
56	113	36	1	1381
7	147	51	1	1761
7	147	51	1	1753
10	133	64	1	1535
10	133	64	1	1534
9	137	59	1	1661
9	137	59	1	1660
7	153	49	1	1761
7	153	49	1	1753
73	174	29	1	1697
73	174	29	1	1693
6	156	45	1	1830
6	156	45	1	1829
6	156	47	1	1830
6	156	47	1	1829
3	173	33	1	1893
3	173	33	1	1892
83	124	51	1	1479
83	124	51	1	1475
44	125	37	1	1446
44	125	37	1	1444
78	135	38	1	1624
78	135	38	1	1622
72	155	51	1	1800
72	155	51	1	1795
11	123	69	1	1518
11	123	69	1	1517
11	125	67	1	1518
11	125	67	1	1517
11	123	68	1	1518
11	123	68	1	1517
87	108	51	1	1336
87	108	51	1	1335
10	132	62	1	1535
10	132	62	1	1534
7	153	48	1	1761
7	153	48	1	1753
11	122	68	1	1518
11	122	68	1	1517
33	158	43	1	1819
33	158	43	1	1813
87	110	55	1	1336
87	110	55	1	1335
85	113	27	1	1354
85	113	27	1	1352
84	138	26	1	1411
84	138	26	1	1410
12	121	68	1	1511
12	121	68	1	1509
54	154	20	1	1725
54	154	20	1	1722
2	179	23	1	1937
2	179	23	1	1936
33	162	37	1	1819
33	162	37	1	1813
32	140	51	1	1656
32	140	51	1	1647
9	139	60	1	1661
9	139	60	1	1660
11	127	66	1	1518
11	127	66	1	1517
76	134	22	1	1597
76	134	22	1	1593
80	132	47	1	1552
80	132	47	1	1549
72	157	56	1	1800
72	157	56	1	1795
72	157	55	1	1800
72	157	55	1	1795
79	132	67	1	1607
79	132	67	1	1606
73	172	29	1	1697
73	172	29	1	1693
33	159	40	1	1819
33	159	40	1	1813
28	148	54	1	1708
28	148	54	1	1705
56	113	36	1	1382
56	113	36	1	1381
11	127	66	1	1518
11	127	66	1	1517
3	174	31	1	1893
3	174	31	1	1892
11	124	70	1	1518
11	124	70	1	1517
3	166	35	1	1893
3	166	35	1	1892
4	162	38	1	1841
4	162	38	1	1838
11	126	67	1	1518
11	126	67	1	1517
3	164	37	1	1893
3	164	37	1	1892
79	130	66	1	1607
79	130	66	1	1606