332
Row	Column	Subbasin
99	111	96
99	112	96
99	113	96
99	114	96
99	115	96
99	116	96
99	117	96
100	117	96
100	118	96
100	119	96
99	119	96
99	118	96
98	118	96
98	119	96
97	119	96
97	118	96
96	118	96
96	119	96
96	120	96
95	120	96
95	121	96
94	121	96
94	120	96
94	122	103
94	123	103
93	123	103
60	94	126
61	94	126
61	93	126
62	92	126
62	93	126
63	93	126
63	92	126
64	92	126
64	93	126
65	93	126
65	92	126
66	91	126
67	91	126
68	91	126
69	91	117
69	90	119
69	89	119
70	89	119
71	89	119
72	89	119
73	89	109
74	89	109
74	88	109
73	88	119
72	88	119
71	88	119
70	88	119
70	86	119
70	85	119
70	84	119
80	76	107
80	74	107
80	75	107
80	76	107
79	76	107
79	77	107
79	78	107
79	79	107
79	80	107
78	80	107
77	80	107
76	80	107
76	81	107
77	81	107
78	81	107
78	82	107
77	82	107
76	82	107
76	83	107
77	83	107
78	83	102
78	84	107
80	10	110
80	9	110
81	9	110
82	9	110
82	8	110
82	7	110
83	7	110
83	8	110
84	8	110
84	7	110
85	7	110
85	8	110
86	8	110
87	8	110
88	8	110
88	7	110
88	6	110
88	18	104
89	18	104
90	18	104
91	18	104
92	18	104
92	17	104
93	17	104
94	17	104
94	16	104
93	16	104
92	16	104
95	16	104
95	17	104
107	29	94
107	28	94
107	27	94
107	26	94
108	26	94
109	26	88
110	26	88
111	26	88
111	25	88
111	24	88
111	23	88
112	23	88
113	23	85
114	23	85
115	23	85
115	22	85
115	21	84
115	20	84
115	19	84
114	19	84
114	20	84
113	19	85
112	19	85
112	18	84
128	14	82
127	14	82
126	14	82
125	14	82
125	15	82
124	15	82
123	15	82
122	15	82
122	16	82
121	16	82
120	16	82
120	17	82
121	17	82
121	18	84
120	18	84
120	19	84
51	114	129
50	114	129
49	114	129
49	113	129
48	112	129
47	112	129
47	111	129
47	110	128
48	110	128
48	111	129
48	109	132
47	109	132
47	108	132
47	107	132
46	107	132
46	108	132
45	108	132
45	107	132
44	107	132
44	108	132
43	108	132
43	107	132
42	107	132
42	108	132
41	108	135
41	107	135
29	106	137
28	106	137
27	106	137
26	106	138
25	106	138
24	107	137
25	107	137
27	107	137
28	107	137
29	107	137
38	66	134
38	67	134
38	68	134
37	69	134
37	71	134
37	72	134
37	73	134
37	74	136
38	70	134
38	71	134
54	75	38
55	75	38
56	75	38
57	76	38
58	77	62
59	78	119
60	79	119
61	79	119
62	79	119
63	79	119
63	80	119
63	81	119
64	81	119
65	81	119
65	80	119
64	80	119
79	99	109
78	98	109
77	97	109
77	96	109
77	95	109
77	94	109
78	94	109
79	94	109
79	93	109
78	93	109
77	93	109
77	91	109
78	91	105
79	91	105
79	90	105
78	90	105
77	90	105
88	105	31
88	106	31
88	107	31
88	108	31
88	109	31
88	110	59
89	111	59
89	112	59
89	113	108
89	114	108
89	115	108
89	116	103
90	116	103
90	115	103
165	49	71
166	49	71
166	50	71
166	51	71
167	51	71
149	68	74
149	69	74
150	69	74
150	70	74
64	36	120
63	36	120
62	36	125
62	35	120
61	35	125
60	35	125
59	34	125
58	34	125
57	34	125
58	33	125
92	38	100
93	38	100
93	37	100
93	36	100
93	35	100
93	34	100
94	34	100
94	33	100
94	32	100
94	31	100
95	31	92
95	32	92
96	32	92
93	32	100
93	31	100
96	31	92
44	83	133
44	82	133
44	81	133
44	80	133
44	79	133
43	79	133
43	80	133
42	80	133
42	79	133
42	78	133
42	77	133
42	76	133
42	75	130
42	74	130
42	73	130
43	73	130
43	74	130
43	75	130
43	76	130
43	77	133
44	77	133
44	76	133
44	75	130
45	75	130
46	75	130
47	75	130
81	73	107
82	73	107
83	73	107
84	73	107
80	73	107
79	75	107
78	76	107
76	77	107
74	78	107
72	79	107
70	79	111
69	79	123
69	81	123
68	84	119
65	84	119
65	83	119
67	83	119
67	81	123
67	79	123
70	81	123
71	81	123
81	85	102
83	85	102
83	87	102
81	87	102
81	88	105
78	86	107
75	86	107
73	83	123
73	82	123
