        1270
            1         3596            1
          139
    979.53302
            2         3731            1
          139
   1029.15796
            3         3865            1
          139
   1434.29504
            4         3879            1
          138
   1150.99597
            5         4000            1
          139
   1231.92004
            6         4013            1
          138
   1196.31104
            7         4015            1
          138
    796.02502
            8         4135            1
          139
    990.75403
            9         4147            1
          138
    824.02399
           10         4148            1
          138
    659.97302
           11         4154            1
          137
    305.74399
           12         4155            1
          137
   1600.13306
           13         4156            1
          137
   1094.33704
           14         4157            1
          137
     60.78300
           15         4270            1
          139
   1083.02197
           16         4271            1
          139
    545.30103
           17         4281            1
           60
    873.51398
           18         4282            3
           60          137          138
    178.11600    953.85602    349.10999
           19         4288            1
          137
   1020.63599
           20         4289            1
          137
    864.15997
           21         4403            1
          136
    768.30499
           22         4404            1
          136
   1050.67700
           23         4405            1
          136
    907.61200
           24         4406            3
           65          136          139
    631.36102    331.30301   1044.77100
           25         4415            1
           60
    178.00101
           26         4416            2
           60          137
   1090.10400    445.75299
           27         4417            1
          137
   1139.74402
           28         4421            1
          137
    978.64697
           29         4422            1
          137
   1041.32605
           30         4423            1
          137
    262.16699
           31         4536            1
          136
   1113.79004
           32         4537            1
          136
   1119.97595
           33         4538            1
          136
    179.99001
           34         4539            1
          136
     23.38800
           35         4540            1
          136
    213.52400
           36         4541            1
           65
    333.29199
           37         4542            1
           65
    856.55402
           38         4550            1
           60
   1056.38599
           39         4552            1
          137
    532.97400
           40         4553            1
          137
   1225.42200
           41         4554            1
          137
   1111.92700
           42         4555            1
          137
    914.81201
           43         4556            1
          137
    990.51398
           44         4670            1
          136
    581.15601
           45         4677            1
           65
    918.32098
           46         4678            1
           65
    515.28699
           47         4685            1
           60
   1526.22095
           48         4813            1
           65
   1539.07703
           49         4819            3
           55           60          135
     72.26800   1056.50696    347.64200
           50         4820            2
           60          135
    187.76401   1263.69202
           51         4949            1
           65
   1110.38599
           52         4953            1
           55
   1079.15906
           53         4954            1
           55
    890.45697
           54         5084            1
           65
   1075.09705
           55         5219            1
           65
   1181.40295
           56         5222            1
           55
   1248.35400
           57         5329            1
          134
    733.45398
           58         5330            1
          134
    643.79901
           59         5355            1
           65
   1285.05798
           60         5357            1
           55
   1029.93396
           61         5463            1
          134
   1018.41998
           62         5464            1
          134
    989.87500
           63         5491            2
           55           65
    799.10699    867.63599
           64         5492            1
           55
    389.65100
           65         5596            1
          134
    677.86902
           66         5597            1
          134
   1011.50098
           67         5598            1
          134
    566.59497
           68         5626            3
           47           55           65
   1122.52295     40.50200    105.07400
           69         5730            1
          134
    566.20203
           70         5731            1
          134
   1064.13904
           71         5761            1
           47
    939.12402
           72         5863            1
          134
    469.73001
           73         5864            1
          134
   1436.33606
           74         5865            1
          134
   1144.93396
           75         5896            1
           47
    947.20697
           76         5997            1
          134
    702.06097
           77         5998            1
          134
    923.93500
           78         6024            1
          133
    622.17700
           79         6025            1
          133
   1231.49097
           80         6026            1
          133
   1504.70398
           81         6027            1
          133
    682.04401
           82         6028            1
          133
    184.52200
           83         6031            1
           47
    823.42700
           84         6130            1
          134
    836.94800
           85         6131            1
          134
   1049.84998
           86         6132            1
          134
    975.81702
           87         6162            1
          133
    572.02100
           88         6163            1
          133
   1389.16504
           89         6164            1
          133
   1824.99500
           90         6165            2
           47          133
    833.96698    698.77502
           91         6166            1
           47
     58.67500
           92         6263            1
          134
    629.38501
           93         6264            1
          134
   1190.56201
           94         6300            3
           42           47          133
    767.50598    302.68301   1365.07703
           95         6307            1
          132
    829.98798
           96         6308            1
          132
    991.32703
           97         6397            1
          134
   1197.36902
           98         6398            1
          134
    377.01099
           99         6435            1
           42
   1153.89697
          100         6441            1
          132
   1159.84802
          101         6442            1
          132
    714.77002
          102         6530            1
          134
    724.53198
          103         6531            1
          134
    766.27301
          104         6570            1
           42
    905.32300
          105         6574            1
          132
    350.88300
          106         6575            1
          132
   1289.07605
          107         6576            1
          132
    314.79401
          108         6655            1
          131
   1176.13501
          109         6656            1
          131
   1060.50903
          110         6657            1
          131
   1899.04602
          111         6658            1
          131
   1205.72595
          112         6659            1
          131
   1385.05200
          113         6664            1
          134
   1360.04700
          114         6665            1
          134
    979.40601
          115         6705            1
           42
   1714.25903
          116         6709            1
          132
   1273.58801
          117         6788            1
          131
    568.38098
          118         6789            1
          131
   1342.00696
          119         6790            1
          131
    281.84799
          120         6795            1
          131
    163.72301
          121         6796            1
          131
   1757.24304
          122         6797            1
          131
   1024.72998
          123         6798            1
          131
   1644.95801
          124         6799            3
           52          131          134
     58.11600    177.55901   1068.40100
          125         6819            1
          130
    625.99200
          126         6827            1
           38
    561.45697
          127         6828            1
           38
    766.99902
          128         6829            1
           38
    879.95099
          129         6830            1
           38
    901.13000
          130         6840            1
           42
    534.09698
          131         6841            1
           42
    844.07703
          132         6843            1
          132
    371.91501
          133         6844            1
          132
   1256.74402
          134         6934            1
           52
    905.32300
          135         6954            1
          130
    857.78198
          136         6961            1
           38
    396.16199
          137         6962            1
           38
   1200.05505
          138         6965            1
           38
    286.85400
          139         6966            1
           38
    811.20300
          140         6976            1
           42
    858.84198
          141         6978            1
          132
   1016.71600
          142         7069            1
           52
   1195.56494
          143         7089            1
          130
   1198.71399
          144         7090            1
          130
    100.50200
          145         7095            1
           38
    992.53497
          146         7096            1
           38
    868.68500
          147         7101            1
           38
    540.91302
          148         7102            1
           38
   1217.75098
          149         7103            1
           38
    155.84399
          150         7111            1
           42
   1044.93298
          151         7113            1
          132
   1398.74695
          152         7116            1
          128
    234.57800
          153         7133            1
          129
   1134.38904
          154         7204            1
           52
   1510.96204
          155         7225            1
          130
   1017.30798
          156         7226            1
          130
   2024.81006
          157         7227            1
          130
   1869.35400
          158         7228            1
           38
    170.19099
          159         7229            1
           38
   1097.36401
          160         7238            1
           38
    878.60498
          161         7239            1
           38
   1075.57703
          162         7246            2
           42          132
   1146.65906    140.66400
          163         7247            1
          132
    898.87201
          164         7248            1
          132
    409.49200
          165         7250            1
          128
   1738.21997
          166         7267            1
          129
   1321.23303
          167         7338            1
           52
    505.31100
          168         7339            1
           52
    497.78601
          169         7361            1
           27
    283.06400
          170         7362            3
           27           38          130
    131.68800    546.49597   1073.78296
          171         7363            1
           38
   1183.93396
          172         7374            1
           38
    298.91501
          173         7375            1
           38
   1054.36804
          174         7376            1
           38
   1061.46997
          175         7377            1
           38
   1151.19702
          176         7378            1
           38
    814.26300
          177         7379            1
           38
   1031.51794
          178         7380            1
           38
    928.77899
          179         7381            5
           38           39           42           69          132
    492.38199    355.07101     92.73000    753.66602    492.70300
          180         7382            1
          132
    913.92297
          181         7385            1
          128
   1234.33398
          182         7401            1
          129
    672.63098
          183         7402            1
          129
    513.26898
          184         7473            1
           52
   1029.99500
          185         7474            1
           52
    170.38300
          186         7496            1
           27
   1087.70496
          187         7517            1
           69
    937.66803
          188         7519            1
          128
   1073.27100
          189         7536            1
          129
   1106.09204
          190         7609            1
           52
   1081.38794
          191         7610            1
           52
    444.26999
          192         7621            1
          127
    433.91000
          193         7630            1
           25
    210.63300
          194         7631            3
           25           27           62
    529.04797    695.42200    932.42401
          195         7652            1
           69
    647.99500
          196         7653            3
           69          126          128
   1040.80896    366.18301    289.23700
          197         7654            1
          128
    900.69800
          198         7670            1
          129
    991.15002
          199         7671            1
          129
   1599.92395
          200         7745            1
           52
   2010.20996
          201         7756            1
          127
    990.41803
          202         7765            1
           25
    851.82397
          203         7788            1
          126
    516.95300
          204         7789            1
          126
    860.25800
          205         7803            1
          129
     38.66400
          206         7804            1
          129
   1261.81201
          207         7880            1
           52
   1332.52600
          208         7881            1
           52
   1138.15198
          209         7882            1
           52
    553.53003
          210         7891            1
          127
   1359.92200
          211         7900            1
           25
   1373.33301
          212         7924            1
          126
    195.47099
          213         7937            1
          129
     41.92300
          214         7938            1
          129
   1727.24805
          215         8017            1
           52
    751.23999
          216         8018            1
           52
    572.97302
          217         8026            1
          127
   1130.65698
          218         8035            1
           25
   1475.21997
          219         8073            1
          129
   1556.76404
          220         8141            1
          125
   1315.44202
          221         8153            1
           52
   1127.91296
          222         8161            1
          127
    986.91998
          223         8168            1
           25
    988.91302
          224         8207            1
          129
   1122.41296
          225         8208            1
          129
   1255.42297
          226         8276            1
          125
   1265.85596
          227         8289            3
           41           52          121
    473.76599    916.19098    503.80301
          228         8290            1
           41
   1141.75598
          229         8291            1
           41
    730.24902
          230         8292            1
           41
    832.84497
          231         8293            1
           41
   1046.30603
          232         8296            1
          127
   1174.88794
          233         8303            1
           25
   1042.25305
          234         8342            1
          129
    971.41400
          235         8343            1
          124
   1034.00305
          236         8388            1
          122
    436.45300
          237         8423            1
          121
   1392.72400
          238         8424            1
          121
    575.90997
          239         8425            1
           41
    225.92900
          240         8429            1
           41
    808.93402
          241         8430            1
           41
    708.83502
          242         8431            1
          127
   1146.68994
          243         8437            1
           25
    580.05103
          244         8477            3
           58          124          129
    645.77502    845.31201    756.86102
          245         8478            1
          124
    157.32401
          246         8525            1
          122
    897.18799
          247         8526            1
          122
    706.99799
          248         8546            1
          125
    921.75598
          249         8556            1
          121
    885.64203
          250         8557            1
          121
    168.57899
          251         8565            1
           41
    862.03302
          252         8566            2
           41          127
    309.92099    836.00201
          253         8572            1
           25
    966.77698
          254         8611            1
           58
   1219.40405
          255         8612            1
           58
    201.67900
          256         8661            1
          122
   1380.10901
          257         8662            1
          122
   1190.12097
          258         8677            1
          120
    591.00098
          259         8680            1
          125
    400.69400
          260         8701            3
           35           41          127
    705.24402    463.76199    674.28497
          261         8706            1
           25
   1104.43201
          262         8707            1
           25
    292.95599
          263         8745            1
           58
   1164.11304
          264         8746            1
           58
    477.49100
          265         8798            1
          122
    844.48401
          266         8799            1
          118
    185.38000
          267         8800            1
          118
    553.10999
          268         8813            1
          120
   2001.29895
          269         8814            2
          120          125
    306.00201    728.07202
          270         8815            1
          125
   1215.98401
          271         8836            1
           35
   1148.35303
          272         8837            1
           35
    129.34399
          273         8840            1
           25
   1289.49194
          274         8841            1
           25
    118.76100
          275         8879            1
           58
   1195.31104
          276         8880            1
           58
    979.19098
          277         8934            1
          118
    345.48199
          278         8935            1
          118
   1155.74500
          279         8936            3
           63          118          122
    661.80603    439.33801    125.04800
          280         8937            1
           63
    951.25403
          281         8938            1
           63
    272.98199
          282         8949            3
           67          120          125
    518.39203    104.98900     57.80800
          283         8972            1
           35
    928.20801
          284         8975            1
           25
    846.16199
          285         9014            1
           58
    848.24500
          286         9069            1
          122
   1070.62305
          287         9070            1
          122
   1124.34094
          288         9071            1
          122
    456.59500
          289         9073            1
           63
   1349.47803
          290         9107            1
           35
    979.19702
          291         9108            1
           35
    277.64301
          292         9110            1
           25
    588.18298
          293         9149            1
           58
   1198.86499
          294         9219            1
           67
    237.74400
          295         9242            1
           35
    969.17297
          296         9243            1
           35
    398.51599
          297         9282            1
          117
    356.59799
          298         9283            1
          117
   1309.86096
          299         9284            3
           48           58          117
     18.87400   1364.93506     40.34400
          300         9344            1
           63
   1141.29602
          301         9349            1
           63
   1660.03296
          302         9350            1
           63
   1377.28296
          303         9351            1
           63
    122.42600
          304         9352            1
           63
    594.97101
          305         9353            3
           43           63           67
    247.80200   1006.47101    795.66498
          306         9354            1
           43
    408.48901
          307         9377            3
           22           25           35
    455.85101    305.06601    476.46600
          308         9378            1
           25
   1203.73303
          309         9379            1
           25
   1022.73401
          310         9418            1
           48
    455.86499
          311         9419            1
           48
    583.10400
          312         9428            1
          116
    579.68597
          313         9479            1
           63
   1226.66394
          314         9480            1
           63
   1054.66296
          315         9483            1
           63
    631.12701
          316         9484            1
           63
    827.79199
          317         9486            1
           63
    966.13702
          318         9487            1
           63
    652.91199
          319         9488            1
           63
    316.14999
          320         9489            1
           43
    806.86401
          321         9490            1
           43
   1371.82800
          322         9491            1
           43
   1070.91394
          323         9511            1
           22
    868.61102
          324         9512            1
           22
    737.38300
          325         9554            1
           48
   1648.41101
          326         9562            1
          116
    754.51099
          327         9563            1
          116
   1502.94897
          328         9616            1
           63
   1376.09302
          329         9617            1
           63
    955.26898
          330         9618            1
           63
   2553.59399
          331         9627            1
           43
   1188.75806
          332         9646            1
           22
   1079.45605
          333         9689            1
           48
    953.84497
          334         9690            2
           48          116
    421.75601     95.23600
          335         9692            1
          116
   1380.18799
          336         9693            1
          116
   1062.55505
          337         9694            1
          116
   1140.81799
          338         9695            1
          116
   1275.93994
          339         9696            1
          116
   1073.48096
          340         9697            1
          116
    384.28900
          341         9762            1
           43
   1134.10999
          342         9763            1
           43
    719.39899
          343         9764            1
           43
    966.42902
          344         9765            1
           43
   1620.14099
          345         9766            1
           43
   1682.87500
          346         9781            1
           22
    838.81799
          347         9782            1
           22
    574.39899
          348         9825            3
           45           48          116
    111.39700    362.10400   1123.75305
          349         9826            1
          116
    605.98602
          350         9898            1
           43
    763.32001
          351         9899            1
           43
    201.50900
          352         9901            1
           43
    270.67401
          353         9902            1
           43
    953.93500
          354         9903            1
           43
    494.20001
          355         9917            1
           22
    853.88800
          356         9918            3
           18           22          115
    594.45599    491.52399    485.71301
          357         9959            1
           45
   2225.85010
          358        10038            1
           43
    849.25702
          359        10039            1
           43
   1043.06897
          360        10040            1
           43
    764.58301
          361        10053            1
           18
   1063.02405
          362        10054            1
           18
    743.47302
          363        10137            1
          110
    522.43500
          364        10138            1
          110
   1778.86304
          365        10139            1
          110
   1183.75500
          366        10140            4
           66          110          112          114
   1054.24902    312.03101    165.63200     19.96500
          367        10141            3
           64           66          112
    900.41901    323.54199    252.01900
          368        10142            1
           64
   1073.82703
          369        10143            1
           64
     13.44700
          370        10175            2
           43          113
    421.16501   1220.74402
          371        10176            2
           43          113
    775.05200    298.24701
          372        10177            1
           43
   1134.00696
          373        10188            1
           18
   1106.09204
          374        10228            1
           45
   1184.08301
          375        10271            1
          110
    659.49103
          376        10272            1
          110
   1272.27600
          377        10275            1
          112
   1276.40698
          378        10279            1
           64
   1136.96301
          379        10312            2
           34           43
    452.38501     16.38100
          380        10323            1
           18
   1043.17700
          381        10363            1
           45
   1233.10706
          382        10405            1
          110
    453.93600
          383        10406            1
          110
    605.01703
          384        10410            1
          112
    909.07599
          385        10414            1
           64
    826.62903
          386        10415            1
           64
    480.24600
          387        10447            1
           34
    366.92999
          388        10458            1
           18
    816.11499
          389        10499            1
           45
    555.24902
          390        10540            1
          110
   1360.38306
          391        10550            1
           64
   1208.27698
          392        10551            1
           64
   1167.32104
          393        10552            1
           64
    501.53500
          394        10576            1
           53
    939.47302
          395        10577            1
           53
   1104.36401
          396        10581            2
           34           53
    345.10800    923.89301
          397        10582            3
           30           34           53
    604.55402    275.19901    158.32500
          398        10593            1
           18
   1089.65796
          399        10599            1
          111
   1178.41602
          400        10630            1
          109
    192.13300
          401        10634            1
           45
   1391.56299
          402        10685            1
          104
   1470.62000
          403        10686            1
          104
   1221.43506
          404        10687            3
           57           64          104
   1229.42505    305.20001    529.01801
          405        10688            1
           57
      4.39100
          406        10700            1
           53
   1061.63696
          407        10701            1
           53
   1027.11902
          408        10702            1
           53
    618.82898
          409        10703            1
           53
    276.19101
          410        10704            1
           53
   1225.48401
          411        10705            1
           53
    718.84601
          412        10707            1
           53
   1008.49500
          413        10708            1
           53
    679.75000
          414        10709            1
           53
    449.41901
          415        10711            1
           53
   1302.96594
          416        10713            1
           53
   1540.81995
          417        10714            1
           53
    251.38699
          418        10715            1
           53
    803.51099
          419        10716            1
           53
   1214.41101
          420        10717            1
           30
   1082.85095
          421        10729            1
           18
    886.12097
          422        10734            1
          111
   1411.86206
          423        10765            1
          109
   1456.76599
          424        10769            1
           45
   1358.99097
          425        10820            1
          104
   1038.86597
          426        10823            1
           57
   1197.72595
          427        10824            1
           57
   1093.44104
          428        10825            1
           57
   1200.27405
          429        10826            1
           53
   1179.47095
          430        10827            1
           53
   1124.25403
          431        10829            1
           53
   1022.56702
          432        10831            1
           53
    677.59003
          433        10832            1
           53
     79.73300
          434        10834            1
           53
   1460.56299
          435        10835            1
           53
     59.20300
          436        10838            1
           53
   1424.93005
          437        10839            1
           53
     97.21500
          438        10840            1
           53
    851.57800
          439        10841            1
           53
    901.58698
          440        10844            1
           53
   1016.42297
          441        10845            1
           53
   1083.13306
          442        10849            1
           53
    773.82703
          443        10850            1
           53
    745.66699
          444        10852            1
           30
   1090.16003
          445        10864            1
           18
    885.83600
          446        10869            1
          111
   1078.54004
          447        10873            1
          107
    257.23300
          448        10900            1
          109
    946.48798
          449        10901            1
          109
     17.84400
          450        10903            1
           45
    323.28601
          451        10904            1
           45
   1023.19202
          452        10955            1
          104
   1279.72595
          453        10960            2
           57          106
    188.65700   1159.20996
          454        10961            3
           53           57          106
    245.76601     67.87700     67.83300
          455        10962            1
           53
    695.50800
          456        10963            1
           53
   1216.09497
          457        10964            1
           53
    563.85602
          458        10965            1
           53
   1178.94202
          459        10966            1
           53
   1234.73499
          460        10967            1
           53
   1349.56104
          461        10968            1
           53
   1310.31006
          462        11000            1
           18
     10.37800
          463        11004            1
          111
   1807.93201
          464        11008            1
          107
   1239.19995
          465        11036            1
          109
   1222.01904
          466        11037            1
          109
   1046.30603
          467        11038            2
           45          109
   1310.27905    845.68402
          468        11090            1
          104
   1137.46399
          469        11095            1
          106
   1215.48706
          470        11118            1
          100
   1231.42102
          471        11119            1
          100
   1027.64197
          472        11120            1
          100
   1183.75500
          473        11121            1
          100
    774.39697
          474        11122            3
           29           30          100
    296.49600    828.02301    828.49298
          475        11135            1
           18
   1256.48499
          476        11138            1
          111
   2052.12793
          477        11143            1
          107
   1216.81104
          478        11173            3
           37           45          109
    392.27701    895.75098    815.92999
          479        11225            1
          104
   1064.01794
          480        11229            1
          106
    986.32397
          481        11230            1
          106
     51.43800
          482        11252            1
          100
   1303.27698
          483        11253            1
          100
    154.62300
          484        11256            1
          100
    986.71100
          485        11257            2
           29          100
    846.16199    404.67200
          486        11270            2
           18          111
    989.48401    105.05300
          487        11271            1
          111
    988.65100
          488        11272            1
          111
   1259.83997
          489        11278            1
          107
   1199.47302
          490        11308            1
           37
    995.23102
          491        11359            1
          104
    896.35101
          492        11360            1
          104
    264.35300
          493        11364            1
          106
   1168.14294
          494        11385            1
          100
    790.64899
          495        11386            1
          100
   1499.87805
          496        11387            1
          100
    424.45999
          497        11412            1
          107
   1234.19495
          498        11413            1
          107
      1.67500
          499        11443            1
           37
   1178.00098
          500        11494            1
          104
   1199.68506
          501        11499            1
          106
    310.11600
          502        11516            1
          100
   1210.78101
          503        11517            1
          100
   1235.46899
          504        11518            1
          100
    429.04599
          505        11519            1
          100
   1230.64197
          506        11520            1
          100
    250.83000
          507        11541            1
           16
    377.60901
          508        11547            1
          107
   1248.35400
          509        11578            1
           37
   1539.01599
          510        11629            1
          104
   1062.95898
          511        11651            1
          100
    973.29199
          512        11662            1
           29
    928.56299
          513        11676            1
           16
    864.34802
          514        11682            1
          107
    887.58801
          515        11713            1
           37
   1034.21204
          516        11764            1
          104
    439.81500
          517        11785            1
          100
    695.08801
          518        11797            1
           29
    761.83301
          519        11811            1
           16
    668.96301
          520        11812            1
           16
   1266.79102
          521        11817            1
          107
   2108.58398
          522        11840            1
          105
   1390.85706
          523        11848            1
           37
   1395.27405
          524        11920            1
          100
   1195.56494
          525        11932            1
           29
   1020.14899
          526        11933            1
           29
    517.13000
          527        11947            1
           16
     70.84600
          528        11948            1
           16
   1164.39294
          529        11951            1
          107
    118.50300
          530        11952            1
          107
   1188.76501
          531        11953            1
          107
    747.01001
          532        11975            1
          105
    137.14000
          533        11976            1
          105
   1285.22400
          534        11977            1
          105
   1061.46997
          535        11978            1
          105
    245.31300
          536        11982            1
           37
   1164.19299
          537        12055            1
          100
    955.96899
          538        12068            1
           29
    671.20099
          539        12069            1
           29
    457.72501
          540        12083            1
           16
    871.80798
          541        12086            1
          107
   1080.04004
          542        12114            1
          105
   1057.92603
          543        12115            1
          105
    625.81500
          544        12116            1
          105
    370.46899
          545        12117            1
           37
   1067.77197
          546        12190            1
          100
    495.23901
          547        12204            1
           29
   1057.03503
          548        12205            1
           29
    462.72800
          549        12215            1
          101
    904.02899
          550        12216            1
          101
   1008.50897
          551        12218            1
           16
   1225.11304
          552        12219            1
          107
   1061.24902
          553        12233            1
          102
    555.90302
          554        12252            3
           31           37          105
    532.96899    463.72800    665.64203
          555        12324            1
          100
   1352.62903
          556        12340            2
           29           61
   1114.22302    274.99799
          557        12350            1
          101
    454.85501
          558        12352            1
          101
   1540.13794
          559        12353            3
           15           16          101
    275.36099   1197.90002    189.55901
          560        12354            1
          107
   1603.56897
          561        12368            1
          102
    212.94901
          562        12369            1
          102
   1163.24805
          563        12387            1
           31
   1094.47095
          564        12474            1
           61
   1000.04498
          565        12475            3
           24           29           61
    300.14999    406.72800    736.42902
          566        12476            1
           24
    363.94699
          567        12488            1
           15
    961.06097
          568        12489            1
          107
   1137.49304
          569        12503            1
          102
    131.36501
          570        12522            1
           31
    995.23102
          571        12603            1
           99
   1156.42896
          572        12604            1
           99
   1188.68506
          573        12605            1
           99
   1103.52905
          574        12606            1
           99
   1103.29199
          575        12607            3
           61           97           99
     91.01200    255.44800   1071.49597
          576        12608            1
           61
   1042.03699
          577        12611            1
           24
   1155.02197
          578        12623            1
           15
    491.15701
          579        12624            2
           15          107
    823.79797    609.39301
          580        12625            1
          107
   1060.63403
          581        12638            1
          102
     58.69800
          582        12639            1
          102
   1485.80005
          583        12657            1
           31
    764.12201
          584        12658            1
           31
    653.42200
          585        12733            1
           99
    514.75403
          586        12734            1
           99
    325.44299
          587        12737            1
           99
    415.70901
          588        12738            1
           99
   1079.10596
          589        12742            1
           97
   1544.61804
          590        12745            1
           24
    361.78799
          591        12746            1
           24
   1035.63501
          592        12759            1
           15
   1334.20203
          593        12760            2
           15          107
    310.22101    549.11902
          594        12763            1
           49
    787.88702
          595        12764            1
           49
   1158.28406
          596        12765            3
           49           98          102
    434.59900    259.97000    243.33701
          597        12774            1
          102
   1106.35400
          598        12792            1
           31
   1837.97900
          599        12868            1
           99
    118.29500
          600        12869            1
           99
    894.72302
          601        12870            1
           99
    699.49500
          602        12871            1
           99
    519.86798
          603        12872            1
           99
   1264.65405
          604        12876            1
           97
   1358.16895
          605        12880            1
           24
    850.97498
          606        12895            1
           15
    950.54498
          607        12896            1
          107
   1156.37195
          608        12897            3
           46           49          107
     54.33300    247.86099   1054.91504
          609        12898            1
           49
   1208.59802
          610        12900            2
           98          102
    626.63501   2094.57007
          611        12901            1
           98
    857.36298
          612        12903            1
           98
    727.97803
          613        12904            1
           98
   1005.78003
          614        12905            1
           98
    592.53003
          615        12909            1
          102
   1147.01794
          616        12926            1
           31
    738.42902
          617        12927            1
           31
    230.54300
          618        13005            1
           99
    943.88599
          619        13006            1
           99
   1181.19800
          620        13009            1
           97
   1116.98804
          621        13010            1
           97
   1570.42395
          622        13011            1
           97
    157.09000
          623        13015            1
           24
   1054.79797
          624        13030            1
           15
    711.32098
          625        13031            1
           15
   1003.36902
          626        13032            2
           15           46
   1263.12805   1084.73401
          627        13035            1
          102
    707.17798
          628        13036            2
           98          102
    608.92297    612.22198
          629        13037            1
           98
   1206.99500
          630        13038            1
           98
    929.07501
          631        13044            1
          102
   1370.69397
          632        13061            1
           31
   1343.89905
          633        13068            1
           59
     41.51100
          634        13144            1
           97
    685.08899
          635        13150            1
           24
    742.77197
          636        13167            3
           14           15           46
    965.25299    110.20100     82.14800
          637        13171            1
          102
   1073.68005
          638        13172            1
          102
   1293.15002
          639        13173            1
          102
    731.91302
          640        13179            1
          102
   1153.89697
          641        13195            1
           31
    904.00098
          642        13196            1
           31
    843.09003
          643        13203            3
           51           59           96
    272.63300   1011.90601    359.76001
          644        13278            1
           97
    872.30103
          645        13286            1
           24
   1149.11304
          646        13302            1
           14
   1095.97998
          647        13308            1
          102
    542.81000
          648        13309            1
          102
    941.18799
          649        13314            1
          102
   1110.34497
          650        13329            1
           31
    441.98401
          651        13330            1
           31
    688.70203
          652        13336            1
           51
   1089.52405
          653        13337            1
           51
   1061.46997
          654        13338            1
           51
    378.20001
          655        13340            1
           96
   1699.91699
          656        13413            1
           97
    139.89500
          657        13421            1
           24
    280.87000
          658        13422            1
           24
    934.61700
          659        13437            1
           14
   1114.73804
          660        13444            1
          102
    184.81300
          661        13445            1
          102
   1222.16003
          662        13446            1
          102
   1331.51599
          663        13447            1
          102
   1400.74902
          664        13448            1
          102
    345.69101
          665        13449            1
          102
   1030.48499
          666        13464            1
           31
   1140.95203
          667        13465            1
           51
   1173.13196
          668        13466            1
           51
   1084.71106
          669        13467            1
           51
   1038.22998
          670        13468            1
           51
   1324.46997
          671        13469            1
           51
    901.81403
          672        13470            1
           51
   1121.63196
          673        13527            1
           94
    627.19000
          674        13557            1
           24
   1182.62000
          675        13571            1
           14
    554.88397
          676        13572            1
           14
    547.20398
          677        13582            1
          102
    380.93399
          678        13583            1
          102
    810.59900
          679        13591            1
           95
    965.52698
          680        13597            1
           26
    155.60500
          681        13598            1
           26
   1143.55603
          682        13599            1
           31
    288.85800
          683        13600            3
           26           31           51
    901.65100    158.42300    552.68903
          684        13662            1
           94
    754.72803
          685        13663            1
           94
    524.99103
          686        13692            1
           24
    955.43298
          687        13706            1
           14
   1066.01196
          688        13726            1
           95
    194.13100
          689        13732            1
           26
   1007.91101
          690        13798            1
           94
    710.37000
          691        13828            2
           24           93
   1188.31201    204.08701
          692        13840            1
           14
    567.11700
          693        13860            1
           95
   1281.34497
          694        13864            1
           26
    645.89099
          695        13865            1
           26
    915.57800
          696        13866            1
           26
   1100.26904
          697        13934            1
           94
   1970.96497
          698        13963            3
           21           24           93
    660.66302    340.55301    328.93201
          699        13975            1
           14
    852.96198
          700        13995            1
           95
   1259.67896
          701        13998            1
           26
    958.82397
          702        14069            1
           94
    132.49200
          703        14070            1
           94
   1444.69604
          704        14071            1
           94
    220.21201
          705        14076            1
           92
    636.41998
          706        14077            1
           92
    815.76001
          707        14098            1
           21
    806.78302
          708        14111            1
           14
    879.79401
          709        14129            1
           95
    702.38800
          710        14130            1
           95
    920.29602
          711        14131            1
           26
    972.27100
          712        14132            1
           26
   1224.33496
          713        14133            1
           26
    324.21500
          714        14205            1
           94
    600.17603
          715        14206            1
           94
    905.87598
          716        14212            1
           92
   1369.46497
          717        14233            1
           21
   1019.93701
          718        14246            1
           14
   1200.28198
          719        14262            1
           23
    194.04100
          720        14263            3
           23           26           95
   1116.35095    111.98600    399.32999
          721        14264            2
           26           95
   1107.95105    547.82501
          722        14265            1
           26
   1327.19104
          723        14266            1
           26
    192.58099
          724        14340            1
           94
    291.95700
          725        14341            1
           94
   1113.69397
          726        14347            1
           92
   1248.25806
          727        14368            1
           21
    848.52002
          728        14381            1
           14
   1137.56006
          729        14395            1
           23
   1431.05005
          730        14396            1
           23
   1206.99500
          731        14397            1
           23
   1060.02405
          732        14476            1
           94
   1525.01794
          733        14482            1
           92
    964.84497
          734        14504            1
           21
    963.76300
          735        14516            1
           14
    947.33002
          736        14529            1
           91
   1279.19800
          737        14530            1
           23
   1055.81299
          738        14611            1
           94
   1583.16394
          739        14616            1
           92
    964.31897
          740        14617            1
           92
    513.77600
          741        14639            1
           21
    798.42297
          742        14640            1
           21
   1360.25098
          743        14641            1
           21
    271.09601
          744        14650            1
           14
    972.96301
          745        14664            3
           20           23           91
   1473.95801    136.46400      5.63200
          746        14669            1
           90
    470.85501
          747        14670            1
           90
   1394.12097
          748        14671            1
           90
   1204.14905
          749        14672            1
           90
   1102.31494
          750        14746            1
           94
    780.57098
          751        14747            1
           94
   1283.49695
          752        14748            1
           94
   1220.16602
          753        14749            1
           94
   1147.62500
          754        14751            2
           92           94
    452.20499    171.75400
          755        14752            1
           92
    810.77002
          756        14776            1
           21
   1215.48706
          757        14785            1
           14
   1201.87305
          758        14798            2
           20           90
   1142.25500    602.48999
          759        14799            2
           20           90
    407.31000   1356.06396
          760        14800            1
           90
   1191.81702
          761        14801            1
           90
   1306.32104
          762        14802            1
           90
   1338.04297
          763        14803            1
           90
   1085.20203
          764        14804            1
           90
   1182.17896
          765        14885            1
           94
    296.80399
          766        14886            3
           56           92           94
    262.61200    688.13202    907.74799
          767        14911            1
           21
    612.49103
          768        14912            1
           21
    668.64001
          769        14920            1
           14
    869.40198
          770        14931            3
           17           19           90
    567.76501    181.80200      9.53200
          771        14932            2
           19           90
    948.21503   1364.82605
          772        14933            1
           90
    585.84100
          773        14938            1
           90
    516.73602
          774        15021            1
           56
   1115.59900
          775        15047            1
           21
    755.74103
          776        15048            1
           21
    885.86298
          777        15055            1
           14
    955.64203
          778        15066            1
           17
   1503.44800
          779        15156            1
           56
   1210.00403
          780        15183            1
           21
    264.04800
          781        15184            1
           21
    974.28699
          782        15185            1
           21
   1173.11206
          783        15200            1
           17
    592.76501
          784        15287            1
           88
    915.88300
          785        15291            1
           56
    910.13599
          786        15327            1
           14
    937.13000
          787        15334            1
           17
    150.82401
          788        15335            1
           17
    966.48199
          789        15422            1
           88
    859.04199
          790        15423            1
           88
    452.22601
          791        15426            1
           56
   1154.29504
          792        15456            1
           21
    990.93500
          793        15462            1
           14
   1199.05298
          794        15468            1
           17
    453.40701
          795        15469            1
           17
   1138.89697
          796        15558            1
           88
   1428.39697
          797        15561            1
           56
   1192.24597
          798        15581            1
           87
    811.44299
          799        15582            1
           87
    424.33099
          800        15592            1
           21
   1288.71497
          801        15597            1
           14
   1271.59399
          802        15603            1
           17
   1274.91199
          803        15693            1
           88
    496.99200
          804        15694            1
           88
    788.63599
          805        15697            1
           56
    179.11400
          806        15713            1
           86
    432.53400
          807        15714            1
           86
   1281.57495
          808        15715            1
           86
   1200.09900
          809        15717            1
           87
    921.52802
          810        15718            1
           87
    853.56000
          811        15727            1
           21
    881.02301
          812        15730            1
           14
    912.70599
          813        15731            1
           14
   1084.90796
          814        15736            1
           17
    950.75897
          815        15737            1
           17
   1042.17700
          816        15738            1
           17
    701.31598
          817        15829            1
           88
   1186.76404
          818        15832            1
           56
   1068.93506
          819        15851            1
           86
   1287.89404
          820        15852            1
           86
    995.80798
          821        15853            3
           68           86           87
    682.32501    536.19202    105.43100
          822        15854            1
           68
   1014.98999
          823        15855            1
           68
   1213.17603
          824        15856            1
           68
    765.24402
          825        15862            1
           21
   1054.79797
          826        15863            1
           14
    608.90100
          827        15864            1
           14
   1234.08496
          828        15869            1
           17
    285.49200
          829        15870            1
           17
   1291.88098
          830        15965            1
           88
   1294.32495
          831        15967            1
           56
    753.53699
          832        15991            1
           68
   1187.43298
          833        15997            1
           21
    900.52698
          834        15998            3
           13           14           21
     78.74300   1110.01501    268.90701
          835        16002            1
           17
    537.94702
          836        16003            1
           17
   1185.22095
          837        16004            1
           17
    783.28699
          838        16100            1
           88
    746.64697
          839        16101            1
           88
   1111.46704
          840        16102            2
           56           88
   1463.04797    289.54401
          841        16103            1
           56
     34.32900
          842        16127            1
           68
    914.81201
          843        16128            1
           68
   1260.49402
          844        16133            1
           13
    989.98798
          845        16135            1
           17
    243.28000
          846        16136            1
           17
   1187.49597
          847        16137            1
           17
    714.88898
          848        16230            1
           85
   1212.80396
          849        16237            3
           44           56           88
    887.99298    142.92999    774.85699
          850        16238            1
           56
    193.57700
          851        16263            1
           68
    558.57703
          852        16264            1
           68
   1178.94202
          853        16265            1
           68
    319.86401
          854        16267            1
           12
    128.56000
          855        16268            1
           12
   1069.54602
          856        16269            3
           12           13           17
    117.49800    646.20898    986.90900
          857        16270            1
           17
    689.65302
          858        16360            1
           84
   1315.31396
          859        16365            1
           85
    801.51703
          860        16366            1
           85
   1248.65906
          861        16372            1
           44
   1133.93201
          862        16400            1
           68
    886.43597
          863        16401            1
           68
    868.33099
          864        16402            3
           11           12           68
    296.15399    667.74701    919.78497
          865        16496            1
           84
    321.59601
          866        16501            1
           85
     77.18300
          867        16502            1
           85
   1117.99500
          868        16503            1
           85
    996.96802
          869        16507            1
           44
    892.64301
          870        16538            1
           11
   1062.73706
          871        16631            1
           84
   1590.31006
          872        16638            1
           85
   1222.51599
          873        16642            1
           44
    853.60797
          874        16643            1
           44
    401.55200
          875        16673            1
           11
   1085.06702
          876        16766            1
           84
    689.31500
          877        16773            1
           85
    337.97601
          878        16774            1
           85
   1154.58899
          879        16778            1
           44
   1023.28497
          880        16807            1
           11
    574.67603
          881        16808            1
           11
   1193.18396
          882        16902            1
           84
   1169.00598
          883        16909            1
           85
    474.76001
          884        16910            1
           85
    863.23499
          885        16913            1
           44
   1471.45703
          886        16941            1
           11
    590.16400
          887        16942            1
           11
    475.76099
          888        17037            1
           84
   1389.51001
          889        17046            1
           85
   1076.60706
          890        17047            1
           85
   1344.10803
          891        17048            1
           44
   1167.51294
          892        17063            1
           83
   1169.79102
          893        17075            1
           11
   1115.71802
          894        17173            1
           84
   1093.00806
          895        17183            1
           44
    927.10101
          896        17198            1
           83
    649.37903
          897        17199            1
           83
   1274.23499
          898        17200            1
           83
   1126.14197
          899        17201            1
           83
    143.63000
          900        17210            1
           11
    950.74402
          901        17308            1
           84
    552.69702
          902        17317            1
           40
    721.48297
          903        17318            1
           40
    391.41599
          904        17336            1
           83
   1566.33801
          905        17345            1
           11
   1043.56604
          906        17429            1
           82
   1104.90100
          907        17443            1
           84
   1156.21704
          908        17452            1
           40
   1222.29395
          909        17471            1
           83
    321.62201
          910        17472            1
           83
   1399.32898
          911        17477            1
           10
     89.01400
          912        17478            1
           10
   1023.86700
          913        17480            1
           11
   1124.13000
          914        17564            1
           82
     95.71500
          915        17565            1
           82
   1008.79102
          916        17566            1
           82
    928.16498
          917        17587            1
           40
    837.31500
          918        17593            1
           81
    402.58801
          919        17607            1
           83
    975.04401
          920        17612            1
           10
   1077.63196
          921        17614            1
           10
    507.09601
          922        17615            3
           10           11           79
    455.50699    496.01599    588.68201
          923        17616            1
           79
    565.34698
          924        17700            1
           82
   1156.91101
          925        17713            1
           84
   1432.32996
          926        17722            1
           40
   1076.83398
          927        17723            1
           40
    536.71600
          928        17728            1
           81
   1457.56396
          929        17742            1
           83
    544.78802
          930        17743            1
           83
    742.46002
          931        17747            1
           10
   1331.73499
          932        17749            1
           10
   1011.44501
          933        17752            1
           79
   1456.21594
          934        17834            1
           82
    642.43799
          935        17848            1
           84
    730.99902
          936        17858            1
           40
   1236.62305
          937        17863            1
           81
   1141.73706
          938        17878            1
           83
   1242.40503
          939        17881            1
           10
    428.88400
          940        17882            1
           10
   1279.12305
          941        17888            1
           79
   1145.76501
          942        17969            1
           82
   1120.73499
          943        17984            1
           84
   1137.16797
          944        17993            1
           40
    649.93298
          945        17994            1
           40
    474.78900
          946        17997            1
           36
    588.04102
          947        17998            1
           36
    497.36801
          948        17999            1
           81
   1033.59204
          949        18000            1
           81
   1075.50000
          950        18014            1
           83
   1071.43396
          951        18016            1
           10
    957.22601
          952        18023            1
           79
   1178.83606
          953        18104            1
           82
   1835.98596
          954        18118            1
           84
   1464.36401
          955        18127            1
           78
   1243.40601
          956        18128            1
           78
   1103.19299
          957        18129            3
           36           40           78
    678.97601    288.45300    592.92700
          958        18130            1
           36
    507.84601
          959        18131            1
           36
    999.40900
          960        18132            1
           36
    739.96997
          961        18133            1
           36
    814.20898
          962        18134            1
           36
   1034.68604
          963        18135            1
           36
    913.43402
          964        18136            3
           32           36           81
    716.46698    539.00299    428.72198
          965        18137            1
           32
    909.58801
          966        18141            1
           80
    796.82202
          967        18142            1
           80
    766.14502
          968        18149            1
           83
    479.87000
          969        18150            3
            9           10           83
    122.43400    935.93903    847.73700
          970        18151            1
           10
    319.12701
          971        18158            1
           79
    142.90100
          972        18235            1
           77
    900.50897
          973        18239            1
           82
    112.16800
          974        18253            1
           84
   1280.22095
          975        18261            1
           78
    240.44299
          976        18265            1
           36
    736.00403
          977        18272            1
           32
   1102.78699
          978        18277            1
           80
   1126.84302
          979        18285            1
            9
   1030.44702
          980        18369            1
           77
   1095.47205
          981        18370            1
           77
    177.47600
          982        18374            1
           82
     66.21300
          983        18375            1
           82
    981.37097
          984        18387            1
           84
    530.45203
          985        18388            1
           84
    548.94000
          986        18408            1
           32
   1096.51599
          987        18409            1
           32
    914.81201
          988        18412            1
           80
    951.23901
          989        18419            1
            9
    895.13202
          990        18504            1
           77
   1382.91003
          991        18505            1
           77
    119.81500
          992        18509            1
           82
   1303.07104
          993        18522            1
           84
   1537.69104
          994        18545            1
           32
   1195.56494
          995        18547            1
           80
    552.12201
          996        18548            1
           80
    663.36401
          997        18554            1
            9
   1066.41797
          998        18640            1
           77
   1363.88696
          999        18643            1
           82
    147.96100
         1000        18644            1
           82
   1270.70801
         1001        18655            1
           76
    572.48798
         1002        18656            1
           84
   1108.42200
         1003        18680            1
           32
    991.21600
         1004        18681            1
           32
    250.83000
         1005        18682            1
           32
    557.64899
         1006        18683            3
           28           32           80
    596.04199    308.54599    602.99402
         1007        18684            1
           28
    704.57202
         1008        18689            1
            9
   1208.68005
         1009        18775            1
           77
   1080.45203
         1010        18778            1
           82
    959.81500
         1011        18791            2
           76           84
    750.89801    940.18298
         1012        18817            1
           32
    908.78900
         1013        18819            1
           28
    984.38501
         1014        18825            1
            9
    845.89301
         1015        18909            1
           77
   1048.31299
         1016        18910            1
           77
    429.78201
         1017        18913            1
           82
   1660.03101
         1018        18926            3
           50           76           84
   1065.31897    139.29300    127.67200
         1019        18954            1
           28
   1324.88196
         1020        18960            1
            9
   1722.16101
         1021        19048            1
           82
     58.14200
         1022        19049            1
           82
   1583.34595
         1023        19089            1
           28
   1213.60803
         1024        19095            1
            9
   1369.36902
         1025        19180            1
           77
    405.19901
         1026        19184            1
           82
    512.39001
         1027        19196            1
           50
    736.76801
         1028        19224            1
           28
     63.69900
         1029        19230            1
            9
   1023.28497
         1030        19315            1
           77
   1165.51697
         1031        19320            1
           82
   1541.74597
         1032        19331            1
           50
   1787.78198
         1033        19364            1
            9
    921.42200
         1034        19365            1
            9
    464.06000
         1035        19450            1
           77
   1334.28101
         1036        19451            1
           77
   1106.46204
         1037        19452            1
           77
   1703.05505
         1038        19453            1
           77
   1473.47900
         1039        19454            1
           77
   1981.17896
         1040        19455            1
           77
    963.71002
         1041        19456            2
           54           77
   1231.98303    131.27000
         1042        19466            1
           50
    875.35400
         1043        19480            1
           75
    826.62402
         1044        19494            1
           28
    988.96899
         1045        19499            1
            9
   1150.07300
         1046        19586            1
           77
    211.92900
         1047        19592            1
           54
   1030.09204
         1048        19616            1
           75
    733.27600
         1049        19629            1
           28
    974.97302
         1050        19633            1
            9
    372.08099
         1051        19634            1
            9
    621.22699
         1052        19727            1
           54
    628.32501
         1053        19728            1
           54
    749.24597
         1054        19736            1
           50
    139.00900
         1055        19751            1
           75
    124.50000
         1056        19752            1
           75
   1485.66602
         1057        19764            1
           28
    524.88898
         1058        19766            2
            9           74
   1108.75500    206.65900
         1059        19767            2
            9           74
    931.24500    878.57300
         1060        19768            2
            9           74
    796.88898    830.00897
         1061        19769            1
           74
   1246.66895
         1062        19770            1
           74
   1062.42102
         1063        19771            1
           74
    775.31897
         1064        19863            1
           54
   1272.19202
         1065        19872            1
           50
   1371.31897
         1066        19888            1
           75
   1270.20996
         1067        19897            1
            7
   1047.16101
         1068        19898            1
            7
   1145.26697
         1069        19899            3
            7            8           28
    617.02698    475.27100   1003.96600
         1070        19900            2
            8           28
   1063.22803     63.29100
         1071        19901            3
            8            9           74
    722.57001    108.84600    249.71300
         1072        19903            1
           74
    335.31900
         1073        19905            1
           74
    674.95801
         1074        19906            1
           74
    593.00800
         1075        19907            1
           74
    935.18201
         1076        19908            1
           74
   1184.69995
         1077        19909            1
           74
   1264.67798
         1078        19910            1
           74
   1129.19800
         1079        19911            1
           74
    874.45099
         1080        19998            1
           54
    945.72302
         1081        20024            1
           75
    940.90997
         1082        20031            1
            7
   1090.64001
         1083        20032            1
            7
    619.04401
         1084        20043            1
           74
    790.09601
         1085        20044            1
           74
    532.16901
         1086        20046            1
           74
    158.70000
         1087        20047            1
           74
    775.38599
         1088        20124            1
           73
     77.51000
         1089        20125            1
           73
   1822.60095
         1090        20133            1
           54
   1174.02698
         1091        20143            1
           50
    797.50098
         1092        20159            1
           75
   1380.12598
         1093        20164            1
            7
   1190.45996
         1094        20260            1
           73
   1366.25903
         1095        20268            1
           54
   1281.22095
         1096        20279            1
           50
    808.55298
         1097        20280            1
           50
    775.61902
         1098        20293            1
           75
   1119.41504
         1099        20299            1
            7
   1129.33203
         1100        20395            1
           73
   1215.52905
         1101        20403            1
           54
    465.42001
         1102        20404            1
           54
    586.59998
         1103        20415            1
           50
    912.27600
         1104        20416            1
           50
    354.54599
         1105        20428            1
           75
    461.76099
         1106        20429            1
           75
    579.95099
         1107        20433            1
            7
    923.15302
         1108        20434            1
            7
     48.83700
         1109        20530            1
           73
   1361.73596
         1110        20531            1
           73
    329.16901
         1111        20539            1
           54
   1157.36401
         1112        20540            1
           54
    495.85999
         1113        20551            1
           50
   1401.55396
         1114        20564            1
           75
   1383.80896
         1115        20568            1
            7
   1112.89905
         1116        20666            1
           73
   1284.53894
         1117        20675            1
           54
   1142.27698
         1118        20686            1
           50
    754.79602
         1119        20687            1
           50
   1213.83801
         1120        20699            1
           75
    967.29700
         1121        20700            1
           75
    527.24298
         1122        20702            1
            7
    879.52899
         1123        20703            1
            7
    953.65002
         1124        20801            1
           73
   1247.39197
         1125        20802            1
           73
     61.89900
         1126        20810            1
           54
    634.70001
         1127        20811            1
           54
    786.38300
         1128        20823            1
           50
   1369.33398
         1129        20824            1
           50
    320.75601
         1130        20835            1
           75
    518.82599
         1131        20836            3
            6            7           75
    237.02200    450.37000    835.97302
         1132        20837            1
            7
    352.98300
         1133        20937            1
           73
    188.86700
         1134        20946            1
           54
   1394.40295
         1135        20947            1
           54
    320.83401
         1136        20948            1
           54
   1746.81702
         1137        20949            1
           54
    982.53900
         1138        20950            1
           54
   1038.22998
         1139        20951            1
           54
   1026.60999
         1140        20952            1
           54
   1230.83704
         1141        20959            1
           50
   1279.72595
         1142        20971            1
            6
   1123.42700
         1143        20973            1
           72
    630.43597
         1144        20974            1
           72
    614.07001
         1145        21072            1
           73
   1555.44897
         1146        21082            1
           54
   1188.77795
         1147        21083            1
           54
    708.87903
         1148        21087            1
           54
    813.35498
         1149        21095            1
           50
   1134.20898
         1150        21106            1
            6
    340.61499
         1151        21107            1
            6
   1068.82104
         1152        21108            3
            5            6           72
     84.72300    919.10101   2040.36804
         1153        21109            1
           72
    397.53000
         1154        21110            1
           72
   1152.43799
         1155        21111            1
           72
   1017.13702
         1156        21112            1
           72
   1399.95496
         1157        21113            1
           72
    946.89801
         1158        21208            1
           73
   1064.00696
         1159        21223            1
           54
    867.04303
         1160        21224            1
           54
    522.11102
         1161        21226            1
           54
   1078.22705
         1162        21227            1
           54
    962.65900
         1163        21228            1
           54
    172.33299
         1164        21230            1
           50
    767.83398
         1165        21231            1
           50
    301.69901
         1166        21242            1
            5
    817.70697
         1167        21243            1
            5
    114.61000
         1168        21343            1
           73
   1292.36304
         1169        21359            1
           54
    754.60602
         1170        21360            1
           54
    815.98297
         1171        21361            1
           54
    405.20700
         1172        21362            1
           54
    234.68401
         1173        21363            1
           54
   1095.48401
         1174        21364            1
           54
   1027.43396
         1175        21365            3
           33           50           54
    943.52301    109.09500    951.92401
         1176        21366            1
           33
    926.43201
         1177        21367            1
           33
    742.94098
         1178        21377            1
            5
   1120.32898
         1179        21479            1
           73
   1905.43005
         1180        21502            1
           33
   1608.17297
         1181        21512            1
            5
   1102.60303
         1182        21614            1
           73
    489.66000
         1183        21615            1
           73
   1040.64001
         1184        21616            1
           73
   1239.81006
         1185        21637            1
           33
    879.21698
         1186        21645            1
            4
    535.65302
         1187        21646            1
            4
    605.39398
         1188        21647            3
            4            5           71
     75.01700    150.05200    970.07397
         1189        21751            1
           73
   1941.76001
         1190        21772            1
           33
   1222.10596
         1191        21774            1
            4
   1019.74799
         1192        21775            1
            4
   1207.93103
         1193        21778            1
            4
    697.24799
         1194        21779            1
            4
   1116.64404
         1195        21780            1
            4
    701.36298
         1196        21782            1
           71
   1778.36597
         1197        21886            1
           73
    664.99902
         1198        21907            3
            3            4           33
    111.06600    971.31403    597.09601
         1199        21908            1
            4
    823.63098
         1200        21910            1
            4
    811.57300
         1201        21911            1
            4
   1012.75500
         1202        21912            1
            4
   1319.54504
         1203        21913            1
            4
    464.92499
         1204        21917            1
           71
    710.34100
         1205        21918            1
           71
    503.16901
         1206        22023            1
           73
   1214.00403
         1207        22041            1
            3
    951.80402
         1208        22053            1
           71
    835.91101
         1209        22160            1
           73
   1470.90002
         1210        22161            1
           73
     89.49800
         1211        22175            1
            3
    990.29199
         1212        22176            1
            3
    331.10101
         1213        22296            1
           73
   1089.44397
         1214        22297            1
           73
   1014.64301
         1215        22298            1
           73
   1157.31702
         1216        22299            1
           73
    316.27802
         1217        22309            1
            3
    430.49500
         1218        22310            1
            3
    956.89301
         1219        22434            1
           73
    944.59399
         1220        22435            1
           73
   1097.65698
         1221        22444            1
            3
    857.78198
         1222        22571            1
           73
   1119.57104
         1223        22572            1
           73
   1384.77197
         1224        22579            1
            3
   1140.95203
         1225        22714            1
            3
   1071.23096
         1226        22841            1
           73
    262.42999
         1227        22849            1
            3
   1018.47101
         1228        22976            1
           73
    380.32001
         1229        22977            1
           73
   1140.49304
         1230        22983            1
            3
    661.50702
         1231        22984            1
            3
    753.36798
         1232        23113            1
           73
   1327.69897
         1233        23117            1
            3
    725.08698
         1234        23118            1
            3
    638.45001
         1235        23249            1
           73
    881.02301
         1236        23252            1
            3
    940.53302
         1237        23384            1
           73
   1066.41797
         1238        23385            1
            3
    245.50200
         1239        23386            1
            3
   1154.42297
         1240        23387            1
            3
    798.02502
         1241        23519            1
           73
   1106.27100
         1242        23520            1
            3
     59.16500
         1243        23654            3
            2            3           73
    470.32101    246.62199   1037.97595
         1244        23655            1
            3
   1231.78601
         1245        23656            1
            3
   1516.51099
         1246        23788            1
            2
    642.16400
         1247        23789            1
            2
    992.63202
         1248        23922            1
            2
    239.30800
         1249        24056            1
            2
   1516.29504
         1250        24191            1
            2
   1237.62903
         1251        24326            1
            2
    386.32101
         1252        24461            1
            2
   1210.67297
         1253        24594            1
            2
    868.33099
         1254        24595            1
            2
   1043.04297
         1255        24596            1
            2
   1177.65100
         1256        24728            1
            2
     59.37600
         1257        24862            1
            2
   1187.24500
         1258        24997            1
            2
    797.66498
         1259        25132            1
            2
    939.12402
         1260        25268            1
            2
   1102.27905
         1261        25402            1
            2
   1021.03003
         1262        25403            3
            1            2           70
     39.75000    248.96100   1149.59595
         1263        25404            1
           70
    389.70999
         1264        25537            1
            1
    224.04401
         1265        25538            1
            1
    755.84497
         1266        25669            1
            1
   1020.20801
         1267        25670            1
            1
   1038.22998
         1268        25671            1
            1
   1147.62500
         1269        25803            1
            1
    803.54999
         1270        25938            1
            1
    946.74298
